{
  "camera_angle_x": 0.6301888332814758,
  "camera_angle_y": 1.049040581009501,
  "fl_x": 1656.6760480009455,
  "fl_y": 1659.235796051,
  "k1": 0.093348683319845,
  "k2": -0.126913220647196,
  "p1": -0.00025810316806711055,
  "p2": -0.000515529166031671,
  "cx": 541.3594380653095,
  "cy": 958.2066021301633,
  "w": 1080.0,
  "h": 1920.0,
  "aabb_scale": 16,
  "frames": [
    {
      "file_path": "./images/0013.jpg",
      "sharpness": 876.2112448929831,
      "transform_matrix": [
        [
          -0.09995212476301582,
          0.03541785213239945,
          0.9943616789168543,
          4.622144672933384
        ],
        [
          0.9949838626023985,
          0.0076606735509810115,
          0.09974180287901777,
          0.5731990094539606
        ],
        [
          -0.004084839787999455,
          0.9993432292379495,
          -0.036005891918311606,
          -0.07458296918830519
        ],
        [
          0.0,
          0.0,
          0.0,
          1.0
        ]
      ]
    },
    {
      "file_path": "./images/0011.jpg",
      "sharpness": 1003.6319973419484,
      "transform_matrix": [
        [
          -0.04639165121709102,
          0.03649842859549197,
          0.9982563194891737,
          4.649213614504359
        ],
        [
          0.9989219143830165,
          0.0033761086664430124,
          0.04629914530141796,
          0.3582797128709272
        ],
        [
          -0.001680375762742801,
          0.9993280075095422,
          -0.03661570342030511,
          -0.06503295663076306
        ],
        [
          0.0,
          0.0,
          0.0,
          1.0
        ]
      ]
    },
    {
      "file_path": "./images/0005.jpg",
      "sharpness": 1145.5983002658338,
      "transform_matrix": [
        [
          0.07936233729677693,
          0.03202144323556907,
          0.9963313939571329,
          4.755046534364311
        ],
        [
          0.9968258813045685,
          -0.00887325836506907,
          -0.07911654471320913,
          -0.22397130285923167
        ],
        [
          0.006307279930282684,
          0.9994477937600135,
          -0.03262400589723022,
          -0.055609622331010425
        ],
        [
          0.0,
          0.0,
          0.0,
          1.0
        ]
      ]
    },
    {
      "file_path": "./images/0009.jpg",
      "sharpness": 699.5564359217519,
      "transform_matrix": [
        [
          0.0021572075139199925,
          0.03550961412564656,
          0.999367006536162,
          4.671888300561926
        ],
        [
          0.9999949777052213,
          -0.002396999687624809,
          -0.0020733925897634094,
          0.1416432683370252
        ],
        [
          0.0023218570316962473,
          0.999366460158537,
          -0.03551460661163377,
          -0.0576670770850512
        ],
        [
          0.0,
          0.0,
          0.0,
          1.0
        ]
      ]
    },
    {
      "file_path": "./images/0006.jpg",
      "sharpness": 819.7512053654526,
      "transform_matrix": [
        [
          0.06337429292319058,
          0.0329022098533306,
          0.9974473136842428,
          4.732462087178357
        ],
        [
          0.9979724442784333,
          -0.007988598751973526,
          -0.06314414264924839,
          -0.1343400755209643
        ],
        [
          0.0058906245328030895,
          0.9994266490690588,
          -0.03334177058684351,
          -0.06139938505851489
        ],
        [
          0.0,
          0.0,
          0.0,
          1.0
        ]
      ]
    },
    {
      "file_path": "./images/0015.jpg",
      "sharpness": 721.3550194621247,
      "transform_matrix": [
        [
          -0.15362896643527507,
          0.0314244311315859,
          0.9876287995966626,
          4.573245726100624
        ],
        [
          0.9881107447474821,
          0.010895059960582308,
          0.1533572749595896,
          0.7835123971362195
        ],
        [
          -0.005941109864908292,
          0.9994467483508924,
          -0.032724614849691726,
          -0.09526725089601644
        ],
        [
          0.0,
          0.0,
          0.0,
          1.0
        ]
      ]
    },
    {
      "file_path": "./images/0002.jpg",
      "sharpness": 1564.7945078503064,
      "transform_matrix": [
        [
          0.11287687249299949,
          0.0316341269894213,
          0.9931052782351304,
          4.77516359390843
        ],
        [
          0.9936036775180277,
          -0.00686004192485732,
          -0.11271500276112356,
          -0.40327315967732896
        ],
        [
          0.0032471031335317524,
          0.9994759736117054,
          -0.03220612498940987,
          -0.03716411660974114
        ],
        [
          0.0,
          0.0,
          0.0,
          1.0
        ]
      ]
    },
    {
      "file_path": "./images/0003.jpg",
      "sharpness": 1297.2585608991121,
      "transform_matrix": [
        [
          0.10410473890767287,
          0.03152414306696589,
          0.9940666133280599,
          4.776303854389895
        ],
        [
          0.9945559635360626,
          -0.00786521982421414,
          -0.10390656241051784,
          -0.3629581481802744
        ],
        [
          0.004542987094711502,
          0.9994720439880598,
          -0.032171331138866034,
          -0.04421311149379798
        ],
        [
          0.0,
          0.0,
          0.0,
          1.0
        ]
      ]
    },
    {
      "file_path": "./images/0004.jpg",
      "sharpness": 1260.1922456139132,
      "transform_matrix": [
        [
          0.0927926209161259,
          0.03140425706004371,
          0.9951900834185812,
          4.7698074040596135
        ],
        [
          0.995670499780709,
          -0.0084051862626432,
          -0.09257218108224194,
          -0.3044527932804556
        ],
        [
          0.005457597446552976,
          0.9994714230407278,
          -0.03204823158481427,
          -0.049040915910041206
        ],
        [
          0.0,
          0.0,
          0.0,
          1.0
        ]
      ]
    },
    {
      "file_path": "./images/0010.jpg",
      "sharpness": 762.4676828459045,
      "transform_matrix": [
        [
          -0.021756562182533842,
          0.03600343117520548,
          0.9991148106890766,
          4.655001743329301
        ],
        [
          0.9997632249651519,
          0.0004015421339928968,
          0.021756212243719035,
          0.24447356929519545
        ],
        [
          0.0003821115969618958,
          0.9993515856294952,
          -0.03600364263794125,
          -0.06138582106644525
        ],
        [
          0.0,
          0.0,
          0.0,
          1.0
        ]
      ]
    },
    {
      "file_path": "./images/0001.jpg",
      "sharpness": 1691.029489740498,
      "transform_matrix": [
        [
          0.11933378819065989,
          0.031929527004181356,
          0.992340643274282,
          4.775661021426815
        ],
        [
          0.9928528654372397,
          -0.005471667961609952,
          -0.11921932914917854,
          -0.4307314085721495
        ],
        [
          0.00162314171531824,
          0.9994751453376249,
          -0.032354277243737385,
          -0.0330976776547271
        ],
        [
          0.0,
          0.0,
          0.0,
          1.0
        ]
      ]
    },
    {
      "file_path": "./images/0012.jpg",
      "sharpness": 906.9692888512515,
      "transform_matrix": [
        [
          -0.07298901341801169,
          0.03658788092985028,
          0.9966613922902743,
          4.640175877802761
        ],
        [
          0.9973279948615954,
          0.005761878485183508,
          0.07282630995506535,
          0.47180618229703297
        ],
        [
          -0.0030780814760540827,
          0.9993138284433201,
          -0.03691067175007021,
          -0.06833517689052875
        ],
        [
          0.0,
          0.0,
          0.0,
          1.0
        ]
      ]
    },
    {
      "file_path": "./images/0016.jpg",
      "sharpness": 532.0228997509613,
      "transform_matrix": [
        [
          -0.1818263429363519,
          0.027935805115948727,
          0.9829337575846988,
          4.537051703417676
        ],
        [
          0.9833144487770644,
          0.010904747017958034,
          0.18158684236125724,
          0.8976009630082955
        ],
        [
          -0.005645869322047478,
          0.9995502374956742,
          -0.029452451079653833,
          -0.08992501702765812
        ],
        [
          0.0,
          0.0,
          0.0,
          1.0
        ]
      ]
    },
    {
      "file_path": "./images/0014.jpg",
      "sharpness": 945.1987233669529,
      "transform_matrix": [
        [
          -0.12709280779183793,
          0.033601885426150856,
          0.9913215076331464,
          4.597118259385298
        ],
        [
          0.9918777112740178,
          0.009445549704634423,
          0.12684394927860562,
          0.6774102634119259
        ],
        [
          -0.005101380722961842,
          0.9993906617930977,
          -0.03452942264408144,
          -0.08761744840268446
        ],
        [
          0.0,
          0.0,
          0.0,
          1.0
        ]
      ]
    },
    {
      "file_path": "./images/0007.jpg",
      "sharpness": 644.9678291050728,
      "transform_matrix": [
        [
          0.045065300323367835,
          0.0331853085657566,
          0.9984326987808539,
          4.7050910168653814
        ],
        [
          0.9989714708399643,
          -0.0065112374115280786,
          -0.04487320174902627,
          -0.04819897012402777
        ],
        [
          0.0050119012948199645,
          0.9994280059491157,
          -0.03344460737763902,
          -0.060917187666329316
        ],
        [
          0.0,
          0.0,
          0.0,
          1.0
        ]
      ]
    },
    {
      "file_path": "./images/0008.jpg",
      "sharpness": 737.7632444782023,
      "transform_matrix": [
        [
          0.024525581288355608,
          0.034389417288148996,
          0.9991075336687785,
          4.685021732122144
        ],
        [
          0.9996923471213806,
          -0.004544883016276276,
          -0.02438350149820934,
          0.04849289993711598
        ],
        [
          0.003702292453236785,
          0.999398174908084,
          -0.03449030318278782,
          -0.05686121575624235
        ],
        [
          0.0,
          0.0,
          0.0,
          1.0
        ]
      ]
    },
    {
      "file_path": "./images/0022.jpg",
      "sharpness": 569.7722163520181,
      "transform_matrix": [
        [
          -0.34867931591203166,
          0.016235761838719952,
          0.9371014537846442,
          4.450354985447056
        ],
        [
          0.937231580467204,
          0.01077493887747769,
          0.3485410524846873,
          1.5242237441270132
        ],
        [
          -0.004438381367366912,
          0.9998101323363168,
          -0.01897366704498532,
          -0.11125140780842377
        ],
        [
          0.0,
          0.0,
          0.0,
          1.0
        ]
      ]
    },
    {
      "file_path": "./images/0017.jpg",
      "sharpness": 680.2622081667861,
      "transform_matrix": [
        [
          -0.20954658208618426,
          0.025505857598115047,
          0.9774659488477552,
          4.529006112721241
        ],
        [
          0.9777852737994998,
          0.01069780454610894,
          0.20933589113845316,
          1.01932363994041
        ],
        [
          -0.005117448241698341,
          0.9996174309198186,
          -0.02718094033352697,
          -0.09125632936922314
        ],
        [
          0.0,
          0.0,
          0.0,
          1.0
        ]
      ]
    },
    {
      "file_path": "./images/0021.jpg",
      "sharpness": 1081.3160582668713,
      "transform_matrix": [
        [
          -0.3207739586799575,
          0.01733296940568179,
          0.9469971676816303,
          4.484530042751124
        ],
        [
          0.9471485835020585,
          0.009767077897594678,
          0.3206464797239887,
          1.4296531476295264
        ],
        [
          -0.003691639482452613,
          0.9998020665879744,
          -0.019549921662422802,
          -0.10860024627466289
        ],
        [
          0.0,
          0.0,
          0.0,
          1.0
        ]
      ]
    },
    {
      "file_path": "./images/0020.jpg",
      "sharpness": 781.8922251109178,
      "transform_matrix": [
        [
          -0.292232034885488,
          0.01862703259797555,
          0.9561660271291491,
          4.506609074908484
        ],
        [
          0.9563407317270868,
          0.009438367385116565,
          0.2921015612091175,
          1.3443411675480659
        ],
        [
          -0.0035836609426505113,
          0.9997819516626402,
          -0.0205719832916015,
          -0.107883023996399
        ],
        [
          0.0,
          0.0,
          0.0,
          1.0
        ]
      ]
    },
    {
      "file_path": "./images/0018.jpg",
      "sharpness": 666.4829127079485,
      "transform_matrix": [
        [
          -0.2366565627041004,
          0.022995345519214266,
          0.9713212060931191,
          4.526923073974356
        ],
        [
          0.971584026227869,
          0.009984824042831448,
          0.23648421356969557,
          1.1322932399108083
        ],
        [
          -0.004260435131035854,
          0.9996857092936487,
          -0.02470488452124075,
          -0.09360034065524249
        ],
        [
          0.0,
          0.0,
          0.0,
          1.0
        ]
      ]
    },
    {
      "file_path": "./images/0027.jpg",
      "sharpness": 543.0811747214234,
      "transform_matrix": [
        [
          -0.489173952229212,
          0.014589496813134201,
          0.8720642126792336,
          4.255243396189953
        ],
        [
          0.8721090460256709,
          0.021484742210225453,
          0.48883966460625355,
          2.0562378809852095
        ],
        [
          -0.011604150071270128,
          0.9996627193346578,
          -0.023233408407298636,
          -0.10245305174900471
        ],
        [
          0.0,
          0.0,
          0.0,
          1.0
        ]
      ]
    },
    {
      "file_path": "./images/0019.jpg",
      "sharpness": 718.0542041786296,
      "transform_matrix": [
        [
          -0.2638187245010283,
          0.02048675525478268,
          0.9643546927632181,
          4.517747063651141
        ],
        [
          0.96456539203945,
          0.009381152334490453,
          0.2636770723075088,
          1.2408503311782062
        ],
        [
          -0.00364487063063097,
          0.9997461111865691,
          -0.02223573875718065,
          -0.10009570694287952
        ],
        [
          0.0,
          0.0,
          0.0,
          1.0
        ]
      ]
    },
    {
      "file_path": "./images/0023.jpg",
      "sharpness": 738.033785316104,
      "transform_matrix": [
        [
          -0.3777807082130004,
          0.014348745114527483,
          0.9257839110766518,
          4.39761451647347
        ],
        [
          0.9258781390263335,
          0.011906539297295007,
          0.3776346196988499,
          1.6244788511415906
        ],
        [
          -0.005604299613557372,
          0.9998261588037497,
          -0.017783250272099756,
          -0.10601215249933058
        ],
        [
          0.0,
          0.0,
          0.0,
          1.0
        ]
      ]
    },
    {
      "file_path": "./images/0024.jpg",
      "sharpness": 703.5229733705168,
      "transform_matrix": [
        [
          -0.4061615070140421,
          0.014305938626213384,
          0.9136893182766036,
          4.353309560449192
        ],
        [
          0.9137772486486251,
          0.013614063652856567,
          0.4059874346861051,
          1.7297987817402096
        ],
        [
          -0.006630993214319649,
          0.9998049796753065,
          -0.018601949847026508,
          -0.09987831648436551
        ],
        [
          0.0,
          0.0,
          0.0,
          1.0
        ]
      ]
    },
    {
      "file_path": "./images/0030.jpg",
      "sharpness": 659.5329233431778,
      "transform_matrix": [
        [
          -0.5473727095051764,
          0.009508460033291378,
          0.8368349335857203,
          4.063926401777883
        ],
        [
          0.8367869664310068,
          0.021828488376198836,
          0.5470933100545128,
          2.3128891899218655
        ],
        [
          -0.0130648267474387,
          0.9997165129553819,
          -0.019904874253570414,
          -0.1331330244667771
        ],
        [
          0.0,
          0.0,
          0.0,
          1.0
        ]
      ]
    },
    {
      "file_path": "./images/0025.jpg",
      "sharpness": 767.0711016266181,
      "transform_matrix": [
        [
          -0.4349318570911054,
          0.015222461839734015,
          0.9003346912873456,
          4.322402151696903
        ],
        [
          0.9004254909711175,
          0.01652316601772038,
          0.4346963540152747,
          1.839446725083921
        ],
        [
          -0.008259230914784895,
          0.9997475989633333,
          -0.020893143956943215,
          -0.09604810882289776
        ],
        [
          0.0,
          0.0,
          0.0,
          1.0
        ]
      ]
    },
    {
      "file_path": "./images/0026.jpg",
      "sharpness": 728.8852039567167,
      "transform_matrix": [
        [
          -0.46283820729836367,
          0.01580471209872688,
          0.8863018700944802,
          4.2938552077205845
        ],
        [
          0.8863879973464207,
          0.019366788148132898,
          0.46253783161707657,
          1.9487488138487896
        ],
        [
          -0.009854543289936589,
          0.9996875204707539,
          -0.022972796613436132,
          -0.1044022483641794
        ],
        [
          0.0,
          0.0,
          0.0,
          1.0
        ]
      ]
    },
    {
      "file_path": "./images/0028.jpg",
      "sharpness": 556.922445835819,
      "transform_matrix": [
        [
          -0.5117181511990768,
          0.013042732347943814,
          0.8590543759617072,
          4.207783647012318
        ],
        [
          0.8590584393039655,
          0.02263192084957121,
          0.5113769588271392,
          2.1541756318580725
        ],
        [
          -0.012772297839355382,
          0.9996587834277362,
          -0.022785633990310226,
          -0.11041348558506915
        ],
        [
          0.0,
          0.0,
          0.0,
          1.0
        ]
      ]
    },
    {
      "file_path": "./images/0031.jpg",
      "sharpness": 702.9256013172522,
      "transform_matrix": [
        [
          -0.562688082861502,
          0.008209871033234858,
          0.8266285256485676,
          3.9687996123274636
        ],
        [
          0.8265706695976115,
          0.021033201716455428,
          0.5624398035225734,
          2.3881646740009166
        ],
        [
          -0.012769086273664288,
          0.9997450687229396,
          -0.018621170547522374,
          -0.14045924050737688
        ],
        [
          0.0,
          0.0,
          0.0,
          1.0
        ]
      ]
    },
    {
      "file_path": "./images/0029.jpg",
      "sharpness": 609.5709035430007,
      "transform_matrix": [
        [
          -0.5306319559011311,
          0.011445100869790307,
          0.8475250657268374,
          4.14366108467131
        ],
        [
          0.8475032513443876,
          0.022453250180311402,
          0.5303150860733946,
          2.236349387789221
        ],
        [
          -0.012960182681968116,
          0.9996823801663627,
          -0.021614172258627672,
          -0.11730849451234346
        ],
        [
          0.0,
          0.0,
          0.0,
          1.0
        ]
      ]
    },
    {
      "file_path": "./images/0032.jpg",
      "sharpness": 765.0334930200105,
      "transform_matrix": [
        [
          -0.578555682045029,
          0.005686877602772161,
          0.8156230637918485,
          3.875119285787474
        ],
        [
          0.8155495505794504,
          0.019161076934618434,
          0.5783699367017288,
          2.466428723985949
        ],
        [
          -0.012339097235819102,
          0.9998002363204856,
          -0.015723680407766474,
          -0.12525230102335386
        ],
        [
          0.0,
          0.0,
          0.0,
          1.0
        ]
      ]
    },
    {
      "file_path": "./images/0033.jpg",
      "sharpness": 694.838408535008,
      "transform_matrix": [
        [
          -0.5947156317337391,
          0.004016577767641147,
          0.8039261063476142,
          3.7940639657863073
        ],
        [
          0.8038524594751358,
          0.017398768812482476,
          0.5945742226497757,
          2.561849274053183
        ],
        [
          -0.011599170862753845,
          0.9998405622595573,
          -0.013576055702896118,
          -0.12402829281110772
        ],
        [
          0.0,
          0.0,
          0.0,
          1.0
        ]
      ]
    },
    {
      "file_path": "./images/0034.jpg",
      "sharpness": 592.484404834363,
      "transform_matrix": [
        [
          -0.6103799820430174,
          0.002952462925125746,
          0.7921032511462766,
          3.7237059707912943
        ],
        [
          0.7920272782729667,
          0.01661725023460726,
          0.6102595001031582,
          2.663731403204256
        ],
        [
          -0.0113608093871834,
          0.9998575648311001,
          -0.012481268074592948,
          -0.12880528122360463
        ],
        [
          0.0,
          0.0,
          0.0,
          1.0
        ]
      ]
    },
    {
      "file_path": "./images/0035.jpg",
      "sharpness": 695.0096652434652,
      "transform_matrix": [
        [
          -0.6258264256806411,
          0.001434948838586963,
          0.779961041228524,
          3.6379757303589346
        ],
        [
          0.779887089333558,
          0.01504385794823652,
          0.625739410800426,
          2.7864382850600324
        ],
        [
          -0.01083571906861452,
          0.9998858051060256,
          -0.010533941921260169,
          -0.12468729575975832
        ],
        [
          0.0,
          0.0,
          0.0,
          1.0
        ]
      ]
    },
    {
      "file_path": "./images/0036.jpg",
      "sharpness": 662.0741489599073,
      "transform_matrix": [
        [
          -0.6418264663353567,
          0.0007785202911257492,
          0.7668495165352099,
          3.555285914012452
        ],
        [
          0.7667812462553281,
          0.014033475092330364,
          0.6417550794251331,
          2.9046411915599255
        ],
        [
          -0.010261944238597075,
          0.9999012228593633,
          -0.009604010487979969,
          -0.11388691426331347
        ],
        [
          0.0,
          0.0,
          0.0,
          1.0
        ]
      ]
    },
    {
      "file_path": "./images/0041.jpg",
      "sharpness": 860.5098895542695,
      "transform_matrix": [
        [
          -0.7321757623004235,
          -0.0025205002966226043,
          0.6811110777037089,
          2.990288497551618
        ],
        [
          0.6810786920470782,
          0.007720728103444138,
          0.732169519713156,
          3.337690069747498
        ],
        [
          -0.0071041069308093365,
          0.9999670181703331,
          -0.003936270939325396,
          -0.11516694306392468
        ],
        [
          0.0,
          0.0,
          0.0,
          1.0
        ]
      ]
    },
    {
      "file_path": "./images/0042.jpg",
      "sharpness": 832.8039874944996,
      "transform_matrix": [
        [
          -0.752048586045275,
          -0.0026371336619141687,
          0.6591023970112774,
          2.871101717041266
        ],
        [
          0.6590800843111578,
          0.006140517164979421,
          0.7520476956372804,
          3.4266887998790354
        ],
        [
          -0.006030479875857027,
          0.9999776695345032,
          -0.002879884975275203,
          -0.12235983543600043
        ],
        [
          0.0,
          0.0,
          0.0,
          1.0
        ]
      ]
    },
    {
      "file_path": "./images/0037.jpg",
      "sharpness": 622.2741260627419,
      "transform_matrix": [
        [
          -0.6587309422609254,
          -0.00014175500267515513,
          0.752378578646556,
          3.4710369395286103
        ],
        [
          0.7523109453973875,
          0.013285321003054063,
          0.6586742303150586,
          3.000660321125843
        ],
        [
          -0.010088961300421544,
          0.9999117361767617,
          -0.008644808182503174,
          -0.11617558781023504
        ],
        [
          0.0,
          0.0,
          0.0,
          1.0
        ]
      ]
    },
    {
      "file_path": "./images/0038.jpg",
      "sharpness": 778.9260061131934,
      "transform_matrix": [
        [
          -0.6761808291735611,
          -0.0009227267259192847,
          0.7367351184966032,
          3.371181023104308
        ],
        [
          0.7366693977816386,
          0.012568512247703638,
          0.676136251706649,
          3.085193283552239
        ],
        [
          -0.009883553349950702,
          0.9999205873807826,
          -0.00781884249163018,
          -0.13062976513065422
        ],
        [
          0.0,
          0.0,
          0.0,
          1.0
        ]
      ]
    },
    {
      "file_path": "./images/0043.jpg",
      "sharpness": 837.4362695999687,
      "transform_matrix": [
        [
          -0.7724200711918874,
          -0.0029425511678575784,
          0.6351051684604712,
          2.7432376674556287
        ],
        [
          0.6350909169470833,
          0.004566471961297587,
          0.7724238956331811,
          3.535854602791644
        ],
        [
          -0.005173086780426589,
          0.9999852442506892,
          -0.0016584470780827377,
          -0.12148332223106076
        ],
        [
          0.0,
          0.0,
          0.0,
          1.0
        ]
      ]
    },
    {
      "file_path": "./images/0039.jpg",
      "sharpness": 443.8259461462618,
      "transform_matrix": [
        [
          -0.6935659002633723,
          -0.0009596417884131782,
          0.7203925465134653,
          3.2566126537932343
        ],
        [
          0.7203318554295445,
          0.01212459514610586,
          0.6935236205393241,
          3.167653324171996
        ],
        [
          -0.009400002220269283,
          0.999926033900929,
          -0.007717945197842274,
          -0.1384482385634496
        ],
        [
          0.0,
          0.0,
          0.0,
          1.0
        ]
      ]
    },
    {
      "file_path": "./images/0040.jpg",
      "sharpness": 558.5989347018252,
      "transform_matrix": [
        [
          -0.7132468997801639,
          -0.003031949263167194,
          0.7009063184408525,
          3.109432653144069
        ],
        [
          0.7008548436919538,
          0.00978278529932821,
          0.7132368366716023,
          3.2453866877554525
        ],
        [
          -0.009019313929659734,
          0.9999475508185981,
          -0.004852584959041704,
          -0.11859238003312998
        ],
        [
          0.0,
          0.0,
          0.0,
          1.0
        ]
      ]
    },
    {
      "file_path": "./images/0045.jpg",
      "sharpness": 861.3242044511769,
      "transform_matrix": [
        [
          -0.8145563495915782,
          -0.00145111281298691,
          0.5800826213603595,
          2.498782764697303
        ],
        [
          0.5800827544930431,
          0.00037040525854398367,
          0.8145574631293413,
          3.685883119066352
        ],
        [
          -0.0013968804250031044,
          0.9999988785314751,
          0.0005400495623685849,
          -0.11975293752191789
        ],
        [
          0.0,
          0.0,
          0.0,
          1.0
        ]
      ]
    },
    {
      "file_path": "./images/0044.jpg",
      "sharpness": 846.1869463874198,
      "transform_matrix": [
        [
          -0.7934033072022091,
          -0.0025645170237363307,
          0.6086909029759616,
          2.6167599391517546
        ],
        [
          0.6086843285712789,
          0.002930396510212266,
          0.7934070839915818,
          3.625851172668903
        ],
        [
          -0.003818411671528259,
          0.9999924179819502,
          -0.0007640049599135505,
          -0.11550990995956073
        ],
        [
          0.0,
          0.0,
          0.0,
          1.0
        ]
      ]
    },
    {
      "file_path": "./images/0046.jpg",
      "sharpness": 780.5930168702839,
      "transform_matrix": [
        [
          -0.8361809375585416,
          -0.0005900067927506511,
          0.5484533631480095,
          2.3688827454869377
        ],
        [
          0.5484535479213722,
          -0.0015948590209951684,
          0.8361795035739404,
          3.7430621830592443
        ],
        [
          0.00038135420674408174,
          0.9999985541536284,
          0.0016571820302313394,
          -0.13332988031478807
        ],
        [
          0.0,
          0.0,
          0.0,
          1.0
        ]
      ]
    },
    {
      "file_path": "./images/0048.jpg",
      "sharpness": 645.2062688687766,
      "transform_matrix": [
        [
          -0.8788312701764363,
          0.0016751964059898202,
          0.4771297436439403,
          2.085824431404791
        ],
        [
          0.4771158786612571,
          -0.005307580211644597,
          0.8788243669366442,
          3.8406328965372545
        ],
        [
          0.004004607806740018,
          0.9999845115310327,
          0.0038652046537890087,
          -0.10719085679054108
        ],
        [
          0.0,
          0.0,
          0.0,
          1.0
        ]
      ]
    },
    {
      "file_path": "./images/0047.jpg",
      "sharpness": 624.4845617093877,
      "transform_matrix": [
        [
          -0.8578293441677965,
          0.00027107869034511805,
          0.5139345705375844,
          2.2241387987385686
        ],
        [
          0.513929427400884,
          -0.004052295781129855,
          0.8578228969608477,
          3.7887522187626415
        ],
        [
          0.002315152399422272,
          0.9999917526699436,
          0.0033368629161910023,
          -0.12420127761501348
        ],
        [
          0.0,
          0.0,
          0.0,
          1.0
        ]
      ]
    },
    {
      "file_path": "./images/0049.jpg",
      "sharpness": 630.72007961836,
      "transform_matrix": [
        [
          -0.8987522575060071,
          0.0032346415421742733,
          0.4384448844662336,
          1.9505209914077508
        ],
        [
          0.4384143912895478,
          -0.007280641766658886,
          0.8987434638236211,
          3.8932290149836937
        ],
        [
          0.006099273082064104,
          0.999968264167528,
          0.005125379821125058,
          -0.10482831317580153
        ],
        [
          0.0,
          0.0,
          0.0,
          1.0
        ]
      ]
    },
    {
      "file_path": "./images/0050.jpg",
      "sharpness": 632.2267283326578,
      "transform_matrix": [
        [
          -0.917004883430769,
          0.004429229641929526,
          0.39885138295054223,
          1.8132949395976974
        ],
        [
          0.39880143539438206,
          -0.009149754301194135,
          0.9169916559727292,
          3.9437468738059014
        ],
        [
          0.00771095878072523,
          0.9999483306219712,
          0.006623986237493944,
          -0.10574392015818226
        ],
        [
          0.0,
          0.0,
          0.0,
          1.0
        ]
      ]
    },
    {
      "file_path": "./images/0051.jpg",
      "sharpness": 796.4544022087631,
      "transform_matrix": [
        [
          -0.9337719897814069,
          0.0053098612744892,
          0.35782911629097114,
          1.6613112796988865
        ],
        [
          0.35775029695623123,
          -0.011848040416784167,
          0.9337421212337004,
          4.002256676075344
        ],
        [
          0.009197614962015635,
          0.999915711099785,
          0.009163763827246244,
          -0.09423153246468269
        ],
        [
          0.0,
          0.0,
          0.0,
          1.0
        ]
      ]
    },
    {
      "file_path": "./images/0053.jpg",
      "sharpness": 792.4338974717883,
      "transform_matrix": [
        [
          -0.9611370200954401,
          0.00930820436543893,
          0.27591481643110144,
          1.3867363665997208
        ],
        [
          0.2757260219294263,
          -0.01763869565699932,
          0.9610744181625548,
          4.055499382729215
        ],
        [
          0.013812654568937216,
          0.9998010970886525,
          0.014386689221150162,
          -0.08442732337308609
        ],
        [
          0.0,
          0.0,
          0.0,
          1.0
        ]
      ]
    },
    {
      "file_path": "./images/0052.jpg",
      "sharpness": 806.3423398305215,
      "transform_matrix": [
        [
          -0.9485388608161823,
          0.007244341555319725,
          0.31657787198354215,
          1.5177053452467508
        ],
        [
          0.31645239690821403,
          -0.014574537572551392,
          0.9484964224210822,
          4.044952503887816
        ],
        [
          0.01148520813787945,
          0.9998675424088119,
          0.011532026016787898,
          -0.0820114137524156
        ],
        [
          0.0,
          0.0,
          0.0,
          1.0
        ]
      ]
    },
    {
      "file_path": "./images/0054.jpg",
      "sharpness": 893.4532128175315,
      "transform_matrix": [
        [
          -0.9714943250091251,
          0.011017994175818613,
          0.23680663054919976,
          1.243361147906485
        ],
        [
          0.2365542661317552,
          -0.020339742853947615,
          0.9714053603081988,
          4.0499731446697345
        ],
        [
          0.01551952457371501,
          0.9997324135275597,
          0.01715359122825033,
          -0.09707910430138568
        ],
        [
          0.0,
          0.0,
          0.0,
          1.0
        ]
      ]
    },
    {
      "file_path": "./images/0055.jpg",
      "sharpness": 710.6945433120017,
      "transform_matrix": [
        [
          -0.979999027338514,
          0.012613145625636799,
          0.19860215246983695,
          1.0884277944351295
        ],
        [
          0.19827923148859455,
          -0.023107757016278943,
          0.9798731437925874,
          4.0382416238731995
        ],
        [
          0.016948532939489242,
          0.9996534099955677,
          0.020144654578623123,
          -0.0893571692842498
        ],
        [
          0.0,
          0.0,
          0.0,
          1.0
        ]
      ]
    },
    {
      "file_path": "./images/0056.jpg",
      "sharpness": 677.96698157609,
      "transform_matrix": [
        [
          -0.9864263851660413,
          0.015120283902294685,
          0.16350646365092175,
          0.944566307011546
        ],
        [
          0.16308416418077146,
          -0.02588623791034308,
          0.9862725070082345,
          4.036138824720281
        ],
        [
          0.01914528752893887,
          0.9995505388394464,
          0.023068989225066196,
          -0.07235131248632815
        ],
        [
          0.0,
          0.0,
          0.0,
          1.0
        ]
      ]
    },
    {
      "file_path": "./images/0062.jpg",
      "sharpness": 743.164400076951,
      "transform_matrix": [
        [
          -0.9996118986356821,
          0.027843888116470965,
          -0.0008774925544960848,
          0.043697557503563494
        ],
        [
          -0.0019587725007964127,
          -0.038830180894213424,
          0.9992439042906452,
          3.9322408125299955
        ],
        [
          0.027788762277509725,
          0.9988578151763899,
          0.03886965069038947,
          -0.05521459361607922
        ],
        [
          0.0,
          0.0,
          0.0,
          1.0
        ]
      ]
    },
    {
      "file_path": "./images/0057.jpg",
      "sharpness": 625.3347846432525,
      "transform_matrix": [
        [
          -0.9912534332096147,
          0.01824177108935111,
          0.13070527506698015,
          0.8086008268637287
        ],
        [
          0.1301430375044288,
          -0.0292023443118715,
          0.9910650901307196,
          4.033808543065531
        ],
        [
          0.021895682954695354,
          0.999407054641341,
          0.026572884557883297,
          -0.07012517701412825
        ],
        [
          0.0,
          0.0,
          0.0,
          1.0
        ]
      ]
    },
    {
      "file_path": "./images/0061.jpg",
      "sharpness": 720.3687539917747,
      "transform_matrix": [
        [
          -0.9993539251899706,
          0.027401534382939872,
          0.02325700138707488,
          0.18798597248193136
        ],
        [
          0.02221739223738487,
          -0.037652164737422576,
          0.9990438939169568,
          3.9673522427143237
        ],
        [
          0.02825101205675604,
          0.9989151467450659,
          0.0370190479849507,
          -0.04937862521649351
        ],
        [
          0.0,
          0.0,
          0.0,
          1.0
        ]
      ]
    },
    {
      "file_path": "./images/0060.jpg",
      "sharpness": 531.832434657204,
      "transform_matrix": [
        [
          -0.9985239883328665,
          0.025405046039495637,
          0.04800446179487581,
          0.33281110567357797
        ],
        [
          0.04707737020155603,
          -0.03591228773852971,
          0.9982454752235494,
          3.9965217179438084
        ],
        [
          0.027084422301483103,
          0.9990319770747007,
          0.0346632780254453,
          -0.04939159488274618
        ],
        [
          0.0,
          0.0,
          0.0,
          1.0
        ]
      ]
    },
    {
      "file_path": "./images/0059.jpg",
      "sharpness": 639.7123145622259,
      "transform_matrix": [
        [
          -0.99701858874551,
          0.022586044496912813,
          0.0737821406747911,
          0.4900143752352031
        ],
        [
          0.07299305365588292,
          -0.03396787585677704,
          0.9967538299538997,
          4.013406165716964
        ],
        [
          0.025018948950695424,
          0.99916768062044,
          0.032217979291569214,
          -0.06348130736052744
        ],
        [
          0.0,
          0.0,
          0.0,
          1.0
        ]
      ]
    },
    {
      "file_path": "./images/0063.jpg",
      "sharpness": 803.8176347484329,
      "transform_matrix": [
        [
          -0.9993074828495446,
          0.028397376992274004,
          -0.024044618805981754,
          -0.09810279671671589
        ],
        [
          -0.02516329948425986,
          -0.03971654968061976,
          0.9988940905023573,
          3.9047811687502287
        ],
        [
          0.02741100276599057,
          0.9988073811571961,
          0.04040361699063303,
          -0.0417664585793752
        ],
        [
          0.0,
          0.0,
          0.0,
          1.0
        ]
      ]
    },
    {
      "file_path": "./images/0058.jpg",
