{
  "camera_angle_x": 0.632159411061949,
  "camera_angle_y": 1.0560391718636846,
  "fl_x": 1651.1529081202266,
  "fl_y": 1645.9217526345963,
  "k1": 0.09857213814666688,
  "k2": -0.13492764731687373,
  "p1": -0.001521085500519913,
  "p2": -0.0009315085855875977,
  "cx": 546.1887336781971,
  "cy": 951.4425885562666,
  "w": 1080.0,
  "h": 1920.0,
  "aabb_scale": 16,
  "frames": [
    {
      "file_path": "./images/0001.jpg",
      "sharpness": 11.650563253110192,
      "transform_matrix": [
        [
          0.004186296056925715,
          -0.0310533098654127,
          0.9995089628802926,
          4.982051584106577
        ],
        [
          0.9992485540930849,
          0.03864478620655456,
          -0.002984567294282482,
          -0.3106472958012626
        ],
        [
          -0.03853312948904047,
          0.9987703802435071,
          0.03119175349893535,
          0.13456833573747726
        ],
        [
          0.0,
          0.0,
          0.0,
          1.0
        ]
      ]
    },
    {
      "file_path": "./images/0002.jpg",
      "sharpness": 15.734781530326122,
      "transform_matrix": [
        [
          0.0006450869017661654,
          -0.03132550933845763,
          0.9995090276400145,
          4.975558637912345
        ],
        [
          0.9992797137146282,
          0.03794413702664581,
          0.0005442643831977709,
          -0.3029439136899786
        ],
        [
          -0.03794255686316068,
          0.9987887438974754,
          0.03132742326949352,
          0.1340815955737468
        ],
        [
          0.0,
          0.0,
          0.0,
          1.0
        ]
      ]
    },
    {
      "file_path": "./images/0003.jpg",
      "sharpness": 19.046368099090188,
      "transform_matrix": [
        [
          -0.0026206492320491855,
          -0.031508611705598745,
          0.9995000448185585,
          4.970608227317646
        ],
        [
          0.9992973265417834,
          0.0372886904187744,
          0.0037956202790103816,
          -0.29415371809454266
        ],
        [
          -0.037389642470343605,
          0.9988076696549473,
          0.03138875086253785,
          0.13342687554251337
        ],
        [
          0.0,
          0.0,
          0.0,
          1.0
        ]
      ]
    },
    {
      "file_path": "./images/0004.jpg",
      "sharpness": 18.07959041566993,
      "transform_matrix": [
        [
          -0.007716724202741487,
          -0.03177656289573455,
          0.9994652081110298,
          4.966332819219487
        ],
        [
          0.9993238120252611,
          0.03568741472709906,
          0.008850262674165573,
          -0.2757321667714042
        ],
        [
          -0.035949560315674096,
          0.9988576767923136,
          0.03147968602906799,
          0.1330185965533949
        ],
        [
          0.0,
          0.0,
          0.0,
          1.0
        ]
      ]
    },
    {
      "file_path": "./images/0005.jpg",
      "sharpness": 20.496120269426306,
      "transform_matrix": [
        [
          -0.009723280078762457,
          -0.031968678014028425,
          0.9994415748090817,
          4.960320856269479
        ],
        [
          0.9993352136035016,
          0.034809750078591245,
          0.010835688788207454,
          -0.2663277836187398
        ],
        [
          -0.03513671408318821,
          0.9988825180829879,
          0.03160896072228474,
          0.132665290486109
        ],
        [
          0.0,
          0.0,
          0.0,
          1.0
        ]
      ]
    },
    {
      "file_path": "./images/0016.jpg",
      "sharpness": 17.020999209637047,
      "transform_matrix": [
        [
          -0.04646597557472939,
          -0.03476337246442887,
          0.9983147905621254,
          4.862870253980125
        ],
        [
          0.9986897155973861,
          0.01983562801124584,
          0.04717414356844673,
          -0.06512977752692972
        ],
        [
          -0.021442133147275465,
          0.9991987068659633,
          0.033796140753026456,
          0.12369701581813532
        ],
        [
          0.0,
          0.0,
          0.0,
          1.0
        ]
      ]
    },
    {
      "file_path": "./images/0014.jpg",
      "sharpness": 18.454292968190927,
      "transform_matrix": [
        [
          -0.040341085058046185,
          -0.03455658645026144,
          0.9985882230406871,
          4.877046427025148
        ],
        [
          0.9988881738000037,
          0.023003388548181198,
          0.04114924492381224,
          -0.10221023837872698
        ],
        [
          -0.02439289033381545,
          0.9991379716808487,
          0.03359018387801809,
          0.13004807706238486
        ],
        [
          0.0,
          0.0,
          0.0,
          1.0
        ]
      ]
    },
    {
      "file_path": "./images/0015.jpg",
      "sharpness": 18.359699948023838,
      "transform_matrix": [
        [
          -0.0426345813064756,
          -0.03467340247975513,
          0.9984888820831257,
          4.869090182817276
        ],
        [
          0.998813312733808,
          0.022070711825476142,
          0.043414859037408327,
          -0.0898744919794214
        ],
        [
          -0.0235427012584044,
          0.9991549623788629,
          0.03369128043674176,
          0.12768465856924333
        ],
        [
          0.0,
          0.0,
          0.0,
          1.0
        ]
      ]
    },
    {
      "file_path": "./images/0008.jpg",
      "sharpness": 28.162292043217594,
      "transform_matrix": [
        [
          -0.019162440487041393,
          -0.03266773337599265,
          0.9992825526731505,
          4.937729363612261
        ],
        [
          0.9993197524186366,
          0.030872419805236695,
          0.020172409903857023,
          -0.2101832808847949
        ],
        [
          -0.03150925737846448,
          0.9989893457378588,
          0.032053920322166154,
          0.13505024184210476
        ],
        [
          0.0,
          0.0,
          0.0,
          1.0
        ]
      ]
    },
    {
      "file_path": "./images/0009.jpg",
      "sharpness": 27.427116347542373,
      "transform_matrix": [
        [
          -0.02133783029486565,
          -0.03273479344399056,
          0.9992362735123255,
          4.931907237738591
        ],
        [
          0.9992999125321349,
          0.030022994990836563,
          0.022322736952546975,
          -0.1985252982378735
        ],
        [
          -0.030730795817568896,
          0.9990130394926137,
          0.032071250653279156,
          0.135447887091053
        ],
        [
          0.0,
          0.0,
          0.0,
          1.0
        ]
      ]
    },
    {
      "file_path": "./images/0006.jpg",
      "sharpness": 27.278424961210433,
      "transform_matrix": [
        [
          -0.01389373292852212,
          -0.03242033998690751,
          0.9993777492753959,
          4.949032557233728
        ],
        [
          0.9993249112763898,
          0.03354526226706371,
          0.014981224311603892,
          -0.24368498818212342
        ],
        [
          -0.03401008508891333,
          0.9989112257557607,
          0.03193238446601089,
          0.132675812379039
        ],
        [
          0.0,
          0.0,
          0.0,
          1.0
        ]
      ]
    },
    {
      "file_path": "./images/0013.jpg",
      "sharpness": 20.475941334506466,
      "transform_matrix": [
        [
          -0.03486496932248911,
          -0.033748378080272146,
          0.9988220466616688,
          4.898504493097573
        ],
        [
          0.9990606882402671,
          0.02455677113300107,
          0.03570302794456397,
          -0.12696764460588963
        ],
        [
          -0.02573276368814998,
          0.9991286263413661,
          0.032860506759657925,
          0.13329218639889154
        ],
        [
          0.0,
          0.0,
          0.0,
          1.0
        ]
      ]
    },
    {
      "file_path": "./images/0007.jpg",
      "sharpness": 28.785036632476565,
      "transform_matrix": [
        [
          -0.015392763874464286,
          -0.032344060040241235,
          0.999358256385932,
          4.947626926221744
        ],
        [
          0.999338289994899,
          0.032444199822538974,
          0.016442507349890372,
          -0.23286590186789377
        ],
        [
          -0.03295519640942626,
          0.9989500666621424,
          0.031823251745142694,
          0.13350718588550875
        ],
        [
          0.0,
          0.0,
          0.0,
          1.0
        ]
      ]
    },
    {
      "file_path": "./images/0010.jpg",
      "sharpness": 27.55955391557666,
      "transform_matrix": [
        [
          -0.025514591879676043,
          -0.03330065026673247,
          0.9991196486404109,
          4.91762483176236
        ],
        [
          0.9992405399549311,
          0.028594468539319122,
          0.026470732508500454,
          -0.17409127013939757
        ],
        [
          -0.029450787965633596,
          0.999036247123736,
          0.032545783558583063,
          0.13614849113215916
        ],
        [
          0.0,
          0.0,
          0.0,
          1.0
        ]
      ]
    },
    {
      "file_path": "./images/0012.jpg",
      "sharpness": 22.67558711419753,
      "transform_matrix": [
        [
          -0.03210834452807439,
          -0.0335604518427993,
          0.9989207928009535,
          4.906820825311227
        ],
        [
          0.9991283874678569,
          0.0255952930359532,
          0.032974934879221665,
          -0.1384307117676728
        ],
        [
          -0.026674324125480656,
          0.9991088914892227,
          0.03270937764529326,
          0.13488952141095817
        ],
        [
          0.0,
          0.0,
          0.0,
          1.0
        ]
      ]
    },
    {
      "file_path": "./images/0011.jpg",
      "sharpness": 28.24571352201559,
      "transform_matrix": [
        [
          -0.02739759743598998,
          -0.03339468287641497,
          0.9990666478351836,
          4.914189953351642
        ],
        [
          0.9992197016570645,
          0.02752913466958497,
          0.028321980240011212,
          -0.1625377528679139
        ],
        [
          -0.028449243840692865,
          0.9990630319986017,
          0.03261439291126516,
          0.13608761241670886
        ],
        [
          0.0,
          0.0,
          0.0,
          1.0
        ]
      ]
    },
    {
      "file_path": "./images/0017.jpg",
      "sharpness": 16.112521202926743,
      "transform_matrix": [
        [
          -0.0486747510629501,
          -0.03463940034532961,
          0.9982138451048392,
          4.856485375794332
        ],
        [
          0.9986052810244995,
          0.018775679956406877,
          0.04934538025144943,
          -0.05195088100076586
        ],
        [
          -0.020451438065465247,
          0.99922349141331,
          0.03367718656845225,
          0.12085268029626291
        ],
        [
          0.0,
          0.0,
          0.0,
          1.0
        ]
      ]
    },
    {
      "file_path": "./images/0018.jpg",
      "sharpness": 14.57394000354006,
      "transform_matrix": [
        [
          -0.05350855994980184,
          -0.03429234201153166,
          0.9979783911978127,
          4.838953915841894
        ],
        [
          0.9983863190904697,
          0.017194384512699903,
          0.05412126194220867,
          -0.022523319207438247
        ],
        [
          -0.01901556901823875,
          0.9992639233090065,
          0.033316958359386785,
          0.11629386108543961
        ],
        [
          0.0,
          0.0,
          0.0,
          1.0
        ]
      ]
    },
    {
      "file_path": "./images/0019.jpg",
      "sharpness": 15.020029787678213,
      "transform_matrix": [
        [
          -0.05563652406250705,
          -0.034839657137348115,
          0.9978430615518185,
          4.825589775834613
        ],
        [
          0.998280375883654,
          0.016538967607075385,
          0.056238364806308436,
          -0.007107819559131606
        ],
        [
          -0.018462619419767342,
          0.9992560536956276,
          0.03385957535348939,
          0.11541928655077005
        ],
        [
          0.0,
          0.0,
          0.0,
          1.0
        ]
      ]
    },
    {
      "file_path": "./images/0021.jpg",
      "sharpness": 12.247879032431182,
      "transform_matrix": [
        [
          -0.06275573020008014,
          -0.03554630071551082,
          0.9973956982255384,
          4.799498566169799
        ],
        [
          0.9978965192386534,
          0.014042856345279,
          0.06328771663641099,
          0.03996715378772624
        ],
        [
          -0.016255928716736374,
          0.999269362433085,
          0.034590260051775845,
          0.114844812187702
        ],
        [
          0.0,
          0.0,
          0.0,
          1.0
        ]
      ]
    },
    {
      "file_path": "./images/0030.jpg",
      "sharpness": 6.8718854575556145,
      "transform_matrix": [
        [
          -0.0960266614018332,
          -0.04133942953621185,
          0.9945199504645194,
          4.698142592888661
        ],
        [
          0.9953456778533879,
          0.004158191629909567,
          0.09627923463007827,
          0.26891302030114916
        ],
        [
          -0.008115533169590171,
          0.9991365076976749,
          0.04074772525410384,
          0.10077413019557964
        ],
        [
          0.0,
          0.0,
          0.0,
          1.0
        ]
      ]
    },
    {
      "file_path": "./images/0022.jpg",
      "sharpness": 12.808548015435534,
      "transform_matrix": [
        [
          -0.06688419233734672,
          -0.03677820654773477,
          0.9970826787908937,
          4.784563140779882
        ],
        [
          0.9976459850526541,
          0.012691062281995786,
          0.06739009902410677,
          0.07324423384170413
        ],
        [
          -0.01513252535801533,
          0.9992428636060418,
          0.03584279864915053,
          0.11555523617877266
        ],
        [
          0.0,
          0.0,
          0.0,
          1.0
        ]
      ]
    },
    {
      "file_path": "./images/0032.jpg",
      "sharpness": 5.059429137281229,
      "transform_matrix": [
        [
          -0.11252068721050427,
          -0.04190889836977237,
          0.9927651984197572,
          4.661480463373317
        ],
        [
          0.9936230128293027,
          0.002533166886902155,
          0.11272484837668913,
          0.3182101733401486
        ],
        [
          -0.00723901414147244,
          0.9991182248909647,
          0.04135661218359711,
          0.09841290295285755
        ],
        [
          0.0,
          0.0,
          0.0,
          1.0
        ]
      ]
    },
    {
      "file_path": "./images/0020.jpg",
      "sharpness": 15.319945958179586,
      "transform_matrix": [
        [
          -0.060125145536099246,
          -0.03528217731229275,
          0.9975671079404524,
          4.807164822860752
        ],
        [
          0.9980454490440691,
          0.014932013052498017,
          0.060682094794324834,
          0.024198064958025352
        ],
        [
          -0.01703668150472426,
          0.9992658319769666,
          0.03431542704097126,
          0.11489655880517026
        ],
        [
          0.0,
          0.0,
          0.0,
          1.0
        ]
      ]
    },
    {
      "file_path": "./images/0023.jpg",
      "sharpness": 12.965245949074074,
      "transform_matrix": [
        [
          -0.06868645516282632,
          -0.03733516224079671,
          0.9969394447728159,
          4.778532421047201
        ],
        [
          0.997533850944022,
          0.011889434677370697,
          0.06917266486009402,
          0.08928834209001625
        ],
        [
          -0.01443561907110046,
          0.9992320686456284,
          0.036426445043803164,
          0.11566095884926221
        ],
        [
          0.0,
          0.0,
          0.0,
          1.0
        ]
      ]
    },
    {
      "file_path": "./images/0033.jpg",
      "sharpness": 5.41381626056729,
      "transform_matrix": [
        [
          -0.11908280382761513,
          -0.04292913654147146,
          0.9919558332278052,
          4.65110032888274
        ],
        [
          0.9928611141358499,
          0.0016828699855923445,
          0.11926431144955016,
          0.3328529547789735
        ],
        [
          -0.006789246609514632,
          0.9990767023560965,
          0.042422269459093664,
          0.10088003199873326
        ],
        [
          0.0,
          0.0,
          0.0,
          1.0
        ]
      ]
    },
    {
      "file_path": "./images/0026.jpg",
      "sharpness": 11.352558223017011,
      "transform_matrix": [
        [
          -0.07948509584332382,
          -0.039360397687713274,
          0.9960586722874082,
          4.74337267787838
        ],
        [
          0.9967700336608488,
          0.00836170705186218,
          0.07987228462322782,
          0.16856912474376448
        ],
        [
          -0.011472555711130573,
          0.9991900925026029,
          0.03856863384165525,
          0.11142450124622891
        ],
        [
          0.0,
          0.0,
          0.0,
          1.0
        ]
      ]
    },
    {
      "file_path": "./images/0024.jpg",
      "sharpness": 11.871570047227316,
      "transform_matrix": [
        [
          -0.07310383153440879,
          -0.038728701534302294,
          0.9965720834434243,
          4.7601360157137895
        ],
        [
          0.997235089440256,
          0.010529042243327128,
          0.07356164529514071,
          0.12132336010637684
        ],
        [
          -0.013341896570104057,
          0.9991942888914153,
          0.037851906808090016,
          0.11544524379932829
        ],
        [
          0.0,
          0.0,
          0.0,
          1.0
        ]
      ]
    },
    {
      "file_path": "./images/0028.jpg",
      "sharpness": 13.644023679622858,
      "transform_matrix": [
        [
          -0.08636183880778005,
          -0.04054168274900197,
          0.9954385991933055,
          4.715477985045728
        ],
        [
          0.9962151259880313,
          0.006366219229541637,
          0.08668848830945029,
          0.21813013610540385
        ],
        [
          -0.009851677543044713,
          0.9991575667625788,
          0.03983843918864707,
          0.10470503645836333
        ],
        [
          0.0,
          0.0,
          0.0,
          1.0
        ]
      ]
    },
    {
      "file_path": "./images/0027.jpg",
      "sharpness": 11.30965247659193,
      "transform_matrix": [
        [
          -0.0816634994866898,
          -0.03980706170034857,
          0.9958646849329904,
          4.7363260867276695
        ],
        [
          0.9966008981055783,
          0.007616200827568789,
          0.08202830840700069,
          0.18476602727857047
        ],
        [
          -0.010850011371465875,
          0.9991783581173358,
          0.03904978782913882,
          0.11008337916400672
        ],
        [
          0.0,
          0.0,
          0.0,
          1.0
        ]
      ]
    },
    {
      "file_path": "./images/0031.jpg",
      "sharpness": 11.581667588570093,
      "transform_matrix": [
        [
          -0.0998613413919955,
          -0.04149187848040695,
          0.9941358742756798,
          4.685749297920968
        ],
        [
          0.9949711167388403,
          0.0036262488746801372,
          0.10009658922545306,
          0.28445073901539547
        ],
        [
          -0.007758179611817047,
          0.9991322606870338,
          0.040921098590395937,
          0.0997574241494267
        ],
        [
          0.0,
          0.0,
          0.0,
          1.0
        ]
      ]
    },
    {
      "file_path": "./images/0025.jpg",
      "sharpness": 11.80979984192722,
      "transform_matrix": [
        [
          -0.07513696462128837,
          -0.03928271930244244,
          0.9963991692680281,
          4.753229946078946
        ],
        [
          0.9970940266677658,
          0.009633486202720797,
          0.07556915989375317,
          0.13632653922747975
        ],
        [
          -0.012567359745573707,
          0.9991816971472725,
          0.03844473385573834,
          0.11499558315283694
        ],
        [
          0.0,
          0.0,
          0.0,
          1.0
        ]
      ]
    },
    {
      "file_path": "./images/0034.jpg",
      "sharpness": 8.489688245348933,
      "transform_matrix": [
        [
          -0.12914354048013454,
          -0.043570486070585286,
          0.9906682384643917,
          4.625403789721115
        ],
        [
          0.9915987943302162,
          0.0017138595645224178,
          0.12934022486550584,
          0.36281185700901963
        ],
        [
          -0.0073332827016296615,
          0.9990488854081583,
          0.042983107563925635,
          0.10096833326870823
        ],
        [
          0.0,
          0.0,
          0.0,
          1.0
        ]
      ]
    },
    {
      "file_path": "./images/0029.jpg",
      "sharpness": 15.995011072884362,
      "transform_matrix": [
        [
          -0.08856938719239917,
          -0.040907766072604546,
          0.9952296309564057,
          4.70730947503923
        ],
        [
          0.9960260882846872,
          0.00574555415919709,
          0.08887643142989655,
          0.23480878716434508
        ],
        [
          -0.009353882011799847,
          0.999146407334115,
          0.04023632201080048,
          0.10265645515600738
        ],
        [
          0.0,
          0.0,
          0.0,
          1.0
        ]
      ]
    },
    {
      "file_path": "./images/0035.jpg",
      "sharpness": 8.921875299275758,
      "transform_matrix": [
        [
          -0.13164521665110468,
          -0.04408915036156123,
          0.9903159514819456,
          4.614398705368347
        ],
        [
          0.9912714653149847,
          0.0013009517202417359,
          0.13183015427780403,
          0.3771233395051611
        ],
        [
          -0.007100632734805177,
          0.9990267535713616,
          0.043533052612333596,
          0.10142615166537046
        ],
        [
          0.0,
          0.0,
          0.0,
          1.0
        ]
      ]
    },
    {
      "file_path": "./images/0037.jpg",
      "sharpness": 12.0286916025558,
      "transform_matrix": [
        [
          -0.1364588043941106,
          -0.04457043183022373,
          0.9896425977675523,
          4.586367928210184
        ],
        [
          0.9906238673319171,
          0.0005000502074595089,
          0.13661662937633778,
          0.4195121858467772
        ],
        [
          -0.006583933152817444,
          0.9990061193819457,
          0.04408429729486281,
          0.09954255567110462
        ],
        [
          0.0,
          0.0,
          0.0,
          1.0
        ]
      ]
    },
    {
      "file_path": "./images/0036.jpg",
      "sharpness": 11.067544928796,
      "transform_matrix": [
        [
          -0.13489107268429598,
          -0.044609831511143144,
          0.9898557275931374,
          4.59477792551068
        ],
        [
          0.9908376244768377,
          0.0007054273214493814,
          0.135056670673448,
          0.405115252366199
        ],
        [
          -0.00672312659773581,
          0.999004236883487,
          0.044105943634721895,
          0.10099120736944192
        ],
        [
          0.0,
          0.0,
          0.0,
          1.0
        ]
      ]
    },
    {
      "file_path": "./images/0045.jpg",
      "sharpness": 8.095839118486564,
      "transform_matrix": [
        [
          -0.1525838728193595,
          -0.043211318380333395,
          0.9873454024431323,
          4.429013835278008
        ],
        [
          0.988261501161211,
          0.0009852424873423146,
          0.15276856554879298,
          0.5933832198452863
        ],
        [
          -0.007574105764604799,
          0.9990654689595627,
          0.04255375025531841,
          0.0875790644919385
        ],
        [
          0.0,
          0.0,
          0.0,
          1.0
        ]
      ]
    },
    {
      "file_path": "./images/0038.jpg",
      "sharpness": 12.886180975163878,
      "transform_matrix": [
        [
          -0.13921708822125517,
          -0.04449068016382863,
          0.9892619378769543,
          4.56322611183365
        ],
        [
          0.9902424749048818,
          2.6151202058960083e-07,
          0.13935508922960388,
          0.44838884327348044
        ],
        [
          -0.006200261408004358,
          0.9990097994438337,
          0.04405652482868911,
          0.09436077327502733
        ],
        [
          0.0,
          0.0,
          0.0,
          1.0
        ]
      ]
    },
    {
      "file_path": "./images/0043.jpg",
      "sharpness": 10.851333904668346,
      "transform_matrix": [
        [
          -0.1503478848630853,
          -0.04484657321971792,
          0.9876154607912723,
          4.477508862405733
        ],
        [
          0.9886115756336398,
          -0.00021973719055164015,
          0.15048954860303182,
          0.5501816285688488
        ],
        [
          -0.006531924713528524,
          0.9989938621394692,
          0.044368878434339884,
          0.08306409638894113
        ],
        [
          0.0,
          0.0,
          0.0,
          1.0
        ]
      ]
    },
    {
      "file_path": "./images/0047.jpg",
      "sharpness": 8.35130400189315,
      "transform_matrix": [
        [
          -0.1573461385345665,
          -0.04299882815363482,
          0.9866069599754438,
          4.375096891423908
        ],
        [
          0.9875083281455254,
          0.0015826883321470805,
          0.1575588681759217,
          0.6372003087239698
        ],
        [
          -0.008336338020745895,
          0.999073869081448,
          0.04221267100464558,
          0.08950672534598687
        ],
        [
          0.0,
          0.0,
          0.0,
          1.0
        ]
      ]
    },
    {
      "file_path": "./images/0041.jpg",
      "sharpness": 12.59977959325948,
      "transform_matrix": [
        [
          -0.1452235250282298,
          -0.04493050059074132,
          0.9883781553137201,
          4.515141699523022
        ],
        [
          0.9893798110945442,
          -0.00039392062006837156,
          0.14535279228509473,
          0.5079217690423985
        ],
        [
          -0.0061414311838281326,
          0.9989900374626003,
          0.044510536727878545,
          0.08415598262021165
        ],
        [
          0.0,
          0.0,
          0.0,
          1.0
        ]
      ]
    },
    {
      "file_path": "./images/0039.jpg",
      "sharpness": 13.118099894674591,
      "transform_matrix": [
        [
          -0.14060033713823047,
          -0.04465624694471829,
          0.9890588277811082,
          4.550806160441956
        ],
        [
          0.9900469776285944,
          -7.862285628846112e-05,
          0.14073725841772267,
          0.46338034961828495
        ],
        [
          -0.0062070351361469865,
          0.9990024091230087,
          0.04422283671995539,
          0.09176645500976775
        ],
        [
          0.0,
          0.0,
          0.0,
          1.0
        ]
      ]
    },
    {
      "file_path": "./images/0042.jpg",
      "sharpness": 10.59767216274969,
      "transform_matrix": [
        [
          -0.14849705359206797,
          -0.04476835067091509,
          0.9878989927411569,
          4.49081383357667
        ],
        [
          0.9888929425617827,
          -0.0003837128611866413,
          0.14862907157061858,
          0.536338752493196
        ],
        [
          -0.006274808846897874,
          0.9989973210919855,
          0.04432808625791052,
          0.08211429055536515
        ],
        [
          0.0,
          0.0,
          0.0,
          1.0
        ]
      ]
    },
    {
      "file_path": "./images/0040.jpg",
      "sharpness": 12.432399067973114,
      "transform_matrix": [
        [
          -0.14354932225864953,
          -0.044982821623900125,
          0.9886203203678076,
          4.528178483740604
        ],
        [
          0.9896243570639508,
          -0.0003660819248029763,
          0.14367845311594632,
          0.49366611639596025
        ],
        [
          -0.0061011461979329235,
          0.9989876934923142,
          0.044568646740671104,
          0.08703807190359056
        ],
        [
          0.0,
          0.0,
          0.0,
          1.0
        ]
      ]
    },
    {
      "file_path": "./images/0051.jpg",
      "sharpness": 7.509330604873929,
      "transform_matrix": [
        [
          -0.17229265125715756,
          -0.041674556017000826,
          0.9841638449515799,
          4.302326846898743
        ],
        [
          0.984988865309206,
          0.003453750235566402,
          0.17258333299075707,
          0.7296007168172789
        ],
        [
          -0.010591389889661457,
          0.9991252689209764,
          0.040453917858584765,
          0.08502595159802102
        ],
        [
          0.0,
          0.0,
          0.0,
          1.0
        ]
      ]
    },
    {
      "file_path": "./images/0046.jpg",
      "sharpness": 7.844804657526403,
      "transform_matrix": [
        [
          -0.15528732988031488,
          -0.04301734293390239,
          0.9869322942288703,
          4.390213903523094
        ],
        [
          0.9878369559117228,
          0.0013283028923939501,
          0.15548756910599648,
          0.6219795591066198
        ],
        [
          -0.007999607103212696,
          0.9990734426580711,
          0.042287852485804606,
          0.0887599447607132
        ],
        [
          0.0,
          0.0,
          0.0,
          1.0
        ]
      ]
    },
    {
      "file_path": "./images/0048.jpg",
      "sharpness": 9.591032019884864,
      "transform_matrix": [
        [
          -0.16238782192062795,
          -0.04250974461170458,
          0.9858108930779949,
          4.353596796210557
        ],
        [
          0.9866814170166488,
          0.0026086721152543133,
          0.1626437092045617,
          0.6690396398699933
        ],
        [
          -0.009485599928672768,
          0.9990926465794651,
          0.04151995846759126,
          0.08988836799956841
        ],
        [
          0.0,
          0.0,
          0.0,
          1.0
        ]
      ]
    },
    {
      "file_path": "./images/0049.jpg",
      "sharpness": 9.714706287904622,
      "transform_matrix": [
        [
          -0.16486515886548228,
          -0.042396268392096564,
          0.9854045036557305,
          4.342017032188024
        ],
        [
          0.986268593193898,
          0.002720971977996819,
          0.16512679489055954,
          0.6840411515407939
        ],
        [
          -0.009682017956345945,
          0.9990971688200486,
          0.041365514506323,
          0.08917785852834158
        ],
        [
          0.0,
          0.0,
          0.0,
          1.0
        ]
      ]
    },
    {
      "file_path": "./images/0044.jpg",
      "sharpness": 11.754889064583816,
      "transform_matrix": [
        [
          -0.1519538556402025,
          -0.04357512267118971,
          0.9874265716733468,
          4.447581105207803
        ],
        [
          0.9883619445968459,
          0.0004974655200121986,
          0.15211975217177737,
          0.5788510313429238
        ],
        [
          -0.007119847534547514,
          0.9990500293871996,
          0.042992401175529195,
          0.08557172521805143
        ],
        [
          0.0,
          0.0,
          0.0,
          1.0
        ]
      ]
    },
    {
      "file_path": "./images/0050.jpg",
      "sharpness": 9.932143079132372,
      "transform_matrix": [
        [
          -0.169791930415233,
          -0.04257452428414592,
          0.9845598561053357,
          4.314198897407107
        ],
        [
          0.9854224430009373,
          0.00345654125631357,
          0.170090155954462,
          0.7144746368181081
        ],
        [
          -0.010644679237115647,
          0.9990873146081071,
          0.041366998917216374,
          0.086418426626959
        ],
        [
          0.0,
          0.0,
          0.0,
          1.0
        ]
      ]
    },
    {
      "file_path": "./images/0052.jpg",
      "sharpness": 9.614193610435917,
      "transform_matrix": [
        [
          -0.178203990118357,
          -0.03986240126850083,
          0.9831858048595481,
          4.2721365297254525
        ],
        [
          0.983919836689466,
          0.005012690876329044,
          0.1785402696849022,
          0.7609355831578666
        ],
        [
          -0.0120454503865216,
          0.9991926050074651,
          0.038328125830761534,
          0.08085838129785977
        ],
        [
          0.0,
          0.0,
          0.0,
          1.0
        ]
      ]
    },
    {
      "file_path": "./images/0053.jpg",
      "sharpness": 9.689971103523211,
      "transform_matrix": [
        [
          -0.1810028936345002,
          -0.03938147229707779,
          0.982693773330209,
          4.259095471183519
        ],
        [
          0.9834041146314647,
          0.005372940585607124,
          0.18134905247994368,
          0.7762692937074037
        ],
        [
          -0.012421747944289489,
          0.9992098033723923,
          0.03775538410387016,
          0.07899838424408585
        ],
        [
          0.0,
          0.0,
          0.0,
          1.0
        ]
      ]
    },
    {
      "file_path": "./images/0054.jpg",
      "sharpness": 10.264001231363816,
      "transform_matrix": [
        [
          -0.18776106613291016,
          -0.040470149670683145,
          0.9813806341255046,
          4.224019566839899
        ],
        [
          0.9821168921954497,
          0.006366838492015933,
          0.1881644850442633,
          0.805212926844906
        ],
        [
          -0.013863336869117617,
          0.9991604627684013,
          0.038550973238099036,
          0.0765513685400726
        ],
        [
          0.0,
          0.0,
          0.0,
          1.0
        ]
      ]
    },
    {
      "file_path": "./images/0055.jpg",
      "sharpness": 6.561201753480223,
      "transform_matrix": [
        [
          -0.1928192015776454,
          -0.041000095829374195,
          0.9803773496216922,
          4.209882944093857
        ],
        [
          0.9811313904509765,
          0.006414094834191416,
          0.1932357473636704,
          0.8190830660517237
        ],
        [
          -0.01421091745333798,
          0.9991385547238966,
          0.038989720384925056,
          0.07729571638293982
        ],
        [
          0.0,
          0.0,
          0.0,
          1.0
        ]
      ]
    },
    {
      "file_path": "./images/0056.jpg",
      "sharpness": 5.949386572659132,
      "transform_matrix": [
        [
          -0.20462798914244,
          -0.04179722472131946,
          0.9779470221190045,
          4.178371709564151
        ],
        [
          0.9787146909644782,
          0.007237637336951198,
          0.20509795293003227,
          0.8455001345832166
        ],
        [
          -0.015650551109347897,
          0.9990998992181366,
          0.039426534701896415,
          0.07891275981769551
        ],
        [
          0.0,
          0.0,
          0.0,
          1.0
        ]
      ]
    },
    {
      "file_path": "./images/0057.jpg",
      "sharpness": 6.379442374662387,
      "transform_matrix": [
        [
          -0.20933559415880057,
          -0.04246424520387027,
          0.9769213872690878,
          4.158942667066388
        ],
        [
          0.9777031314323242,
          0.007859514884345241,
          0.2098447397797119,
          0.8565580731311675
        ],
        [
          -0.016589026668824627,
          0.9990670727790826,
          0.039872149291619634,
          0.0802446399961795
        ],
        [
          0.0,
          0.0,
          0.0,
          1.0
        ]
      ]
    },
    {
      "file_path": "./images/0058.jpg",
      "sharpness": 8.091008628637995,
      "transform_matrix": [
        [
          -0.21713982118552794,
          -0.042472374830469464,
          0.9752160762816049,
          4.132954115419066
        ],
        [
          0.975978142613836,
          0.008775058361386324,
          0.2176916706968971,
          0.8816964134861796
        ],
        [
          -0.01780346021964299,
          0.9990591052251767,
          0.03954669489595618,
          0.08145549989203828
        ],
        [
          0.0,
          0.0,
          0.0,
          1.0
        ]
      ]
    },
    {
      "file_path": "./images/0065.jpg",
      "sharpness": 8.540018299672923,
      "transform_matrix": [
        [
          -0.24632954071387173,
          -0.04243631005158555,
          0.968256637967027,
          4.002948524808242
        ],
        [
          0.9689117200842248,
          0.012989348907469766,
          0.24706548827870334,
          1.0204608907535953
        ],
        [
          -0.02306157096616878,
          0.999014732829542,
          0.03791737781555992,
          0.06861517628283406
        ],
        [
          0.0,
          0.0,
          0.0,
          1.0
        ]
      ]
    },
    {
      "file_path": "./images/0066.jpg",
      "sharpness": 8.45078267596745,
      "transform_matrix": [
        [
          -0.25154518539512,
          -0.042353873725016616,
          0.9669183880200707,
          3.9682126878776054
        ],
        [
          0.9675403592953447,
          0.01408274905888806,
          0.252323857995205,
          1.0475417173072425
        ],
        [
          -0.02430376183824913,
          0.9990034161932309,
          0.03743663447856124,
          0.06881559220342193
        ],
        [
          0.0,
          0.0,
          0.0,
          1.0
        ]
      ]
    },
    {
      "file_path": "./images/0067.jpg",
      "sharpness": 8.025051597089142,
      "transform_matrix": [
        [
          -0.25435864686641696,
          -0.04275608650396778,
          0.9661643730946936,
          3.952588383337399
        ],
        [
          0.966792150406342,
          0.014367981015689243,
          0.25515975198729657,
          1.0615936940045383
        ],
        [
          -0.02479146379895967,
          0.9989822211604735,
          0.037681628604777466,
          0.07148243820835899
        ],
        [
          0.0,
          0.0,
          0.0,
          1.0
        ]
      ]
    },
    {
      "file_path": "./images/0061.jpg",
      "sharpness": 9.517340118310294,
      "transform_matrix": [
        [
          -0.22899137704147807,
          -0.041883654717537626,
          0.9725269706874262,
          4.08277018644168
        ],
        [
          0.9732280464112177,
          0.0104210181013945,
          0.22960525268455917,
          0.9343685357016785
        ],
        [
          -0.01975142829040107,
          0.999068146752537,
          0.03837602417209858,
          0.0771759823369487
        ],
        [
          0.0,
          0.0,
          0.0,
          1.0
        ]
      ]
    },
    {
      "file_path": "./images/0062.jpg",
