{
  "camera_angle_x": 0.7923381390869646,
  "camera_angle_y": 1.2760518383100947,
  "fl_x": 1290.9865087321875,
  "fl_y": 1294.7080249744388,
  "k1": 0.0042750962462037275,
  "k2": -0.017079572156053612,
  "p1": 0.0009220307771442928,
  "p2": -0.0005314049035299293,
  "cx": 540.9893790860268,
  "cy": 963.3009258220395,
  "w": 1080.0,
  "h": 1920.0,
  "aabb_scale": 16,
  "frames": [
    {
      "file_path": "./images/0015.jpg",
      "sharpness": 39.920259793281744,
      "transform_matrix": [
        [
          0.9535124419865428,
          0.03202951625282399,
          0.29964668044340265,
          1.2400688899588466
        ],
        [
          0.2945752325942174,
          0.11064447321117757,
          -0.949201365829739,
          -4.3763696759065525
        ],
        [
          -0.06355670968118483,
          0.9933438028569771,
          0.09606577964384884,
          0.2079810268715308
        ],
        [
          0.0,
          0.0,
          0.0,
          1.0
        ]
      ]
    },
    {
      "file_path": "./images/0012.jpg",
      "sharpness": 44.07901571186673,
      "transform_matrix": [
        [
          0.932937984379418,
          0.032452810027722254,
          0.35857151651888736,
          1.4806706565334091
        ],
        [
          0.3537779757626233,
          0.10226684133912223,
          -0.9297218062576451,
          -4.352400714099976
        ],
        [
          -0.06684206154567554,
          0.9942274932437849,
          0.08392753138835389,
          0.17683825679865958
        ],
        [
          0.0,
          0.0,
          0.0,
          1.0
        ]
      ]
    },
    {
      "file_path": "./images/0009.jpg",
      "sharpness": 41.297576522714145,
      "transform_matrix": [
        [
          0.9035457944947468,
          0.023946848820836836,
          0.42782186213152995,
          1.8087480917762973
        ],
        [
          0.423496889895986,
          0.10209412664711805,
          -0.9001261986831334,
          -4.275113054231836
        ],
        [
          -0.06523328537440186,
          0.9944864693769003,
          0.08210530277618379,
          0.12316583389493489
        ],
        [
          0.0,
          0.0,
          0.0,
          1.0
        ]
      ]
    },
    {
      "file_path": "./images/0011.jpg",
      "sharpness": 42.17249922340301,
      "transform_matrix": [
        [
          0.9232349764507085,
          0.029421501618498613,
          0.38310775708128497,
          1.5845506541603185
        ],
        [
          0.3785347335370377,
          0.10147579574737807,
          -0.9200076730042195,
          -4.330082829876238
        ],
        [
          -0.06594417174714155,
          0.9944028550632585,
          0.08254894362172968,
          0.16307173475390638
        ],
        [
          0.0,
          0.0,
          0.0,
          1.0
        ]
      ]
    },
    {
      "file_path": "./images/0016.jpg",
      "sharpness": 41.056947330594284,
      "transform_matrix": [
        [
          0.9578305207799683,
          0.0336414654242892,
          0.28535757446011795,
          1.1795878968326983
        ],
        [
          0.27990314420621126,
          0.11514972337504224,
          -0.9530974614766774,
          -4.372099902586625
        ],
        [
          -0.06492244105830103,
          0.992778320194717,
          0.10087756756002307,
          0.21569839238062824
        ],
        [
          0.0,
          0.0,
          0.0,
          1.0
        ]
      ]
    },
    {
      "file_path": "./images/0004.jpg",
      "sharpness": 42.693363506708664,
      "transform_matrix": [
        [
          0.875673086624093,
          0.022844037072749165,
          0.48236375834813044,
          2.256370380739492
        ],
        [
          0.4778369165743966,
          0.10333871660434578,
          -0.8723491220906907,
          -4.173601372052967
        ],
        [
          -0.06977482740956452,
          0.9943838593112809,
          0.0795752086997462,
          0.04194061242693079
        ],
        [
          0.0,
          0.0,
          0.0,
          1.0
        ]
      ]
    },
    {
      "file_path": "./images/0006.jpg",
      "sharpness": 49.28606237456928,
      "transform_matrix": [
        [
          0.8803490963641165,
          0.0214436716578045,
          0.4738413632345712,
          2.1220230944899265
        ],
        [
          0.46954565288712263,
          0.10207674096608256,
          -0.8769875819027928,
          -4.210144739431432
        ],
        [
          -0.06717401584820631,
          0.9945453775155764,
          0.07979438386042395,
          0.062155694384165336
        ],
        [
          0.0,
          0.0,
          0.0,
          1.0
        ]
      ]
    },
    {
      "file_path": "./images/0014.jpg",
      "sharpness": 40.824279547443595,
      "transform_matrix": [
        [
          0.9481289515762039,
          0.030417504655946163,
          0.3164273481050511,
          1.3048076393617358
        ],
        [
          0.31175513630599244,
          0.10557913155909289,
          -0.9442784451469908,
          -4.375832920184871
        ],
        [
          -0.062130718616246354,
          0.9939455832326582,
          0.09061981800334624,
          0.19980096288352944
        ],
        [
          0.0,
          0.0,
          0.0,
          1.0
        ]
      ]
    },
    {
      "file_path": "./images/0007.jpg",
      "sharpness": 40.472848532876824,
      "transform_matrix": [
        [
          0.8850394267097224,
          0.020856929380172928,
          0.4650486014401477,
          2.029554167995831
        ],
        [
          0.460851112120067,
          0.10181735994547796,
          -0.881617534804401,
          -4.223933837500603
        ],
        [
          -0.06573785550871025,
          0.9945844427440997,
          0.08050043877498089,
          0.07713928155275782
        ],
        [
          0.0,
          0.0,
          0.0,
          1.0
        ]
      ]
    },
    {
      "file_path": "./images/0010.jpg",
      "sharpness": 44.51527632162251,
      "transform_matrix": [
        [
          0.9125363475926642,
          0.026808590987111202,
          0.4081160543360272,
          1.6908884929082508
        ],
        [
          0.4036479085736766,
          0.10180260468440135,
          -0.9092329710182792,
          -4.303243439531211
        ],
        [
          -0.06592253217695335,
          0.9944433262719257,
          0.0820773453703689,
          0.14467923189674003
        ],
        [
          0.0,
          0.0,
          0.0,
          1.0
        ]
      ]
    },
    {
      "file_path": "./images/0013.jpg",
      "sharpness": 39.570116675772205,
      "transform_matrix": [
        [
          0.9406546533283366,
          0.03195169243610447,
          0.3378578289125412,
          1.3904059572930283
        ],
        [
          0.3331377329051348,
          0.10290942603311783,
          -0.9372453792638937,
          -4.369907424178188
        ],
        [
          -0.06471533134958492,
          0.9941774184832384,
          0.08615791608875457,
          0.18809107354262078
        ],
        [
          0.0,
          0.0,
          0.0,
          1.0
        ]
      ]
    },
    {
      "file_path": "./images/0002.jpg",
      "sharpness": 38.0502270746369,
      "transform_matrix": [
        [
          0.8749189845322513,
          0.023036999649788868,
          0.48372106341100235,
          2.311689302680676
        ],
        [
          0.4790532876922419,
          0.10503779280744564,
          -0.8714786340677279,
          -4.157193431891064
        ],
        [
          -0.07088524582297892,
          0.9942013673131179,
          0.08086360859980303,
          0.04288597515466135
        ],
        [
          0.0,
          0.0,
          0.0,
          1.0
        ]
      ]
    },
    {
      "file_path": "./images/0001.jpg",
      "sharpness": 36.2339481122413,
      "transform_matrix": [
        [
          0.8749851721417305,
          0.02446110169547986,
          0.4835313878862784,
          2.326942761744208
        ],
        [
          0.47883682709085446,
          0.10382805829593399,
          -0.8717425235327331,
          -4.1499605818661625
        ],
        [
          -0.07152790764977884,
          0.994294417590858,
          0.07913513513819923,
          0.05264922117471432
        ],
        [
          0.0,
          0.0,
          0.0,
          1.0
        ]
      ]
    },
    {
      "file_path": "./images/0003.jpg",
      "sharpness": 41.55756250868406,
      "transform_matrix": [
        [
          0.8751862682183813,
          0.022989575138279643,
          0.4832395631487819,
          2.2910193725871077
        ],
        [
          0.4786554436781116,
          0.10393946208699847,
          -0.8718288561762189,
          -4.164852086807168
        ],
        [
          -0.07027063524962417,
          0.9943178906637621,
          0.07996230465676171,
          0.03743287380908599
        ],
        [
          0.0,
          0.0,
          0.0,
          1.0
        ]
      ]
    },
    {
      "file_path": "./images/0008.jpg",
      "sharpness": 46.39377746650661,
      "transform_matrix": [
        [
          0.8928689689223028,
          0.022543342334560637,
          0.44975193394502666,
          1.9252413299538031
        ],
        [
          0.44541972183411327,
          0.10267566435983946,
          -0.8894149646552196,
          -4.247877835163707
        ],
        [
          -0.06622896464063215,
          0.9944594037479209,
          0.08163466529851102,
          0.09953775756641708
        ],
        [
          0.0,
          0.0,
          0.0,
          1.0
        ]
      ]
    },
    {
      "file_path": "./images/0017.jpg",
      "sharpness": 34.789855321460955,
      "transform_matrix": [
        [
          0.9614606911634763,
          0.03504006637990491,
          0.27270044578405717,
          1.1248480122775255
        ],
        [
          0.26670493916570187,
          0.12210502700111822,
          -0.9560119443860698,
          -4.356226510361854
        ],
        [
          -0.0667968172869491,
          0.9918984606132665,
          0.10805382488281536,
          0.2171031317404654
        ],
        [
          0.0,
          0.0,
          0.0,
          1.0
        ]
      ]
    },
    {
      "file_path": "./images/0005.jpg",
      "sharpness": 50.54662177746074,
      "transform_matrix": [
        [
          0.877416209667054,
          0.021516879884749512,
          0.47924713763235605,
          2.201089834523994
        ],
        [
          0.4748863411547215,
          0.10264347224704456,
          -0.8740407774199727,
          -4.192667814790322
        ],
        [
          -0.0679982206931609,
          0.9944854657173806,
          0.07984297400453313,
          0.0509986571693387
        ],
        [
          0.0,
          0.0,
          0.0,
          1.0
        ]
      ]
    },
    {
      "file_path": "./images/0018.jpg",
      "sharpness": 35.48240179237188,
      "transform_matrix": [
        [
          0.9634782660879568,
          0.03606815736397414,
          0.26534641289415006,
          1.0716316527981427
        ],
        [
          0.2588747274480659,
          0.12805164632897537,
          -0.9573853202155791,
          -4.338669136128366
        ],
        [
          -0.06850916940607832,
          0.9911114286166648,
          0.11403784376759682,
          0.2155201541505027
        ],
        [
          0.0,
          0.0,
          0.0,
          1.0
        ]
      ]
    },
    {
      "file_path": "./images/0019.jpg",
      "sharpness": 37.18508183861296,
      "transform_matrix": [
        [
          0.9659229504145973,
          0.03527482865420008,
          0.25641478186925415,
          1.00998988358306
        ],
        [
          0.24949786718206624,
          0.1367206135709355,
          -0.9586752777137553,
          -4.301462884886213
        ],
        [
          -0.06887429246219241,
          0.9899813939291375,
          0.12326058392849633,
          0.21409170999772828
        ],
        [
          0.0,
          0.0,
          0.0,
          1.0
        ]
      ]
    },
    {
      "file_path": "./images/0020.jpg",
      "sharpness": 35.761584678126425,
      "transform_matrix": [
        [
          0.9679425945072153,
          0.034437064096189185,
          0.24879956268119985,
          0.9484092618336961
        ],
        [
          0.2416547870984706,
          0.14240236932440423,
          -0.9598565148428944,
          -4.256021768612027
        ],
        [
          -0.06848428753746791,
          0.9892096106816025,
          0.1295154374353777,
          0.22159540502738478
        ],
        [
          0.0,
          0.0,
          0.0,
          1.0
        ]
      ]
    },
    {
      "file_path": "./images/0023.jpg",
      "sharpness": 29.70828991531399,
      "transform_matrix": [
        [
          0.9746824892653371,
          0.04044715917653433,
          0.21990468951196823,
          0.6800090496170397
        ],
        [
          0.21214344079714065,
          0.1434061951731729,
          -0.966659104191267,
          -4.093713269760878
        ],
        [
          -0.07063430948031962,
          0.9888370394246409,
          0.13119490776927925,
          0.25732528656389836
        ],
        [
          0.0,
          0.0,
          0.0,
          1.0
        ]
      ]
    },
    {
      "file_path": "./images/0022.jpg",
      "sharpness": 30.616007415338665,
      "transform_matrix": [
        [
          0.9723254459888939,
          0.03777494647235188,
          0.23055645845820516,
          0.7908168068756558
        ],
        [
          0.22305286135232583,
          0.14348189554866062,
          -0.9641889683539538,
          -4.153582434355877
        ],
        [
          -0.06950286435937221,
          0.9889317464346914,
          0.1310852881825945,
          0.24445982188375773
        ],
        [
          0.0,
          0.0,
          0.0,
          1.0
        ]
      ]
    },
    {
      "file_path": "./images/0021.jpg",
      "sharpness": 36.97902090965656,
      "transform_matrix": [
        [
          0.9701936722702477,
          0.035537858390286836,
          0.23971086530043662,
          0.8791792842413476
        ],
        [
          0.232454361540799,
          0.14304432091257277,
          -0.9620308165846242,
          -4.2077547208997546
        ],
        [
          -0.06847779286914264,
          0.9890780469271873,
          0.1305197648209314,
          0.2344046538116232
        ],
        [
          0.0,
          0.0,
          0.0,
          1.0
        ]
      ]
    },
    {
      "file_path": "./images/0027.jpg",
      "sharpness": 18.723792675228434,
      "transform_matrix": [
        [
          0.9940865291340031,
          0.04722639094539214,
          0.0977836419237119,
          0.0800123686614619
        ],
        [
          0.08998215706552024,
          0.14583407932020592,
          -0.9852084209555978,
          -3.8940922017513144
        ],
        [
          -0.06078802544326275,
          0.9881812026873603,
          0.14072216121319067,
          0.41705024026100485
        ],
        [
          0.0,
          0.0,
          0.0,
          1.0
        ]
      ]
    },
    {
      "file_path": "./images/0026.jpg",
      "sharpness": 21.785314905237026,
      "transform_matrix": [
        [
          0.9901100878617946,
          0.04666180158548582,
          0.13230529173992703,
          0.2459076104329186
        ],
        [
          0.12435506026602354,
          0.14466522973183776,
          -0.9816352633723111,
          -3.931889323801763
        ],
        [
          -0.06494484531308922,
          0.9883798093936275,
          0.13743187217205236,
          0.36665627912983256
        ],
        [
          0.0,
          0.0,
          0.0,
          1.0
        ]
      ]
    },
    {
      "file_path": "./images/0030.jpg",
      "sharpness": 16.53815150879702,
      "transform_matrix": [
        [
          0.9979683172664291,
          0.051851550656053534,
          -0.03702235084723568,
          -0.47054909580420834
        ],
        [
          -0.044317737514485735,
          0.1474777528881198,
          -0.9880719865211373,
          -3.8359589654412765
        ],
        [
          -0.04577309155134227,
          0.9877052845536142,
          0.1494760682956852,
          0.5107185918537462
        ],
        [
          0.0,
          0.0,
          0.0,
          1.0
        ]
      ]
    },
    {
      "file_path": "./images/0024.jpg",
      "sharpness": 28.56795764555314,
      "transform_matrix": [
        [
          0.9794863607651226,
          0.04294217935777082,
          0.19688178773665685,
          0.5476793667493749
        ],
        [
          0.18891249997973483,
          0.14435795795258644,
          -0.9713253045866377,
          -4.028552736906138
        ],
        [
          -0.07013227828001921,
          0.9885933184304515,
          0.13328433642540896,
          0.2784682308104867
        ],
        [
          0.0,
          0.0,
          0.0,
          1.0
        ]
      ]
    },
    {
      "file_path": "./images/0029.jpg",
      "sharpness": 17.223658843812498,
      "transform_matrix": [
        [
          0.9988139395813587,
          0.046577610623044545,
          0.014185919846625981,
          -0.27053838903820304
        ],
        [
          0.0070593999802537125,
          0.14974129999231608,
          -0.9887000090784305,
          -3.8398383696581764
        ],
        [
          -0.048175502125276215,
          0.9876274952140378,
          0.1492348877798469,
          0.48959004609683815
        ],
        [
          0.0,
          0.0,
          0.0,
          1.0
        ]
      ]
    },
    {
      "file_path": "./images/0025.jpg",
      "sharpness": 24.840164927426112,
      "transform_matrix": [
        [
          0.9850086118470498,
          0.045444628907148746,
          0.16641159913275622,
          0.4047176488343392
        ],
        [
          0.1582183910709545,
          0.14639713630381054,
          -0.9764910748246092,
          -3.9702919177420415
        ],
        [
          -0.06873845608732038,
          0.9881814935643511,
          0.13701226394049426,
          0.3185573569854416
        ],
        [
          0.0,
          0.0,
          0.0,
          1.0
        ]
      ]
    },
    {
      "file_path": "./images/0028.jpg",
      "sharpness": 19.27612557825344,
      "transform_matrix": [
        [
          0.9972944038023465,
          0.04475709204268786,
          0.058315305809755774,
          -0.09113140713436033
        ],
        [
          0.0510915641326771,
          0.1483496650965101,
          -0.9876143118360468,
          -3.861274710194929
        ],
        [
          -0.052853800744399645,
          0.987921646495891,
          0.14566158096821083,
          0.4615436828009632
        ],
        [
          0.0,
          0.0,
          0.0,
          1.0
        ]
      ]
    },
    {
      "file_path": "./images/0032.jpg",
      "sharpness": 15.153631365665383,
      "transform_matrix": [
        [
          0.9864781551927146,
          0.06971622366312487,
          -0.14832564687542193,
          -0.8972624721994714
        ],
        [
          -0.15746603183159932,
          0.152219842286622,
          -0.975722075407031,
          -3.8312971896438928
        ],
        [
          -0.04544555186768702,
          0.9858847639606628,
          0.16113948629714955,
          0.5714663841963726
        ],
        [
          0.0,
          0.0,
          0.0,
          1.0
        ]
      ]
    },
    {
      "file_path": "./images/0031.jpg",
      "sharpness": 15.512650944233465,
      "transform_matrix": [
        [
          0.9938276716905583,
          0.062220508954170486,
          -0.09184316677297587,
          -0.6835883733935161
        ],
        [
          -0.1001597660232345,
          0.14734337727025215,
          -0.9840009910807639,
          -3.830727933558375
        ],
        [
          -0.04769256010492801,
          0.9871264040018118,
          0.15266591719021466,
          0.5346646269924783
        ],
        [
          0.0,
          0.0,
          0.0,
          1.0
        ]
      ]
    },
    {
      "file_path": "./images/0034.jpg",
      "sharpness": 15.157179248336885,
      "transform_matrix": [
        [
          0.9633980121374618,
          0.08562087574766987,
          -0.2540341234579909,
          -1.2617679508528963
        ],
        [
          -0.26481691426508186,
          0.15666619544465177,
          -0.9514871019237081,
          -3.820291406286554
        ],
        [
          -0.04166859929403973,
          0.9839333152599151,
          0.17360575737268857,
          0.642364911789641
        ],
        [
          0.0,
          0.0,
          0.0,
          1.0
        ]
      ]
    },
    {
      "file_path": "./images/0033.jpg",
      "sharpness": 16.293474627900206,
      "transform_matrix": [
        [
          0.9763720227333614,
          0.07758817232883647,
          -0.20168725486137246,
          -1.0947434356089587
        ],
        [
          -0.21156284368812275,
          0.1530309393059686,
          -0.9653096367429916,
          -3.8366580914847614
        ],
        [
          -0.04403222038882368,
          0.9851708517648843,
          0.1658299021254076,
          0.6156474675983907
        ],
        [
          0.0,
          0.0,
          0.0,
          1.0
        ]
      ]
    },
    {
      "file_path": "./images/0035.jpg",
      "sharpness": 17.034898710396263,
      "transform_matrix": [
        [
          0.9484232300409966,
          0.09074827723640333,
          -0.3037402293613875,
          -1.3983252675158528
        ],
        [
          -0.31499778270036344,
          0.16207748837352304,
          -0.9351509421796802,
          -3.7757370108799218
        ],
        [
          -0.03563388346591384,
          0.9825963759236708,
          0.18230356115349391,
          0.6633990947667937
        ],
        [
          0.0,
          0.0,
          0.0,
          1.0
        ]
      ]
    },
    {
      "file_path": "./images/0036.jpg",
      "sharpness": 19.763574455574958,
      "transform_matrix": [
        [
          0.9311713617154551,
          0.09693180205685029,
          -0.3514599847867147,
          -1.5166295775067102
        ],
        [
          -0.3631938090046737,
          0.16259041684652356,
          -0.9174173605581645,
          -3.7111148622131642
        ],
        [
          -0.031782892565797236,
          0.9819208634797562,
          0.1866045702595754,
          0.6767614496058557
        ],
        [
          0.0,
          0.0,
          0.0,
          1.0
        ]
      ]
    },
    {
      "file_path": "./images/0037.jpg",
      "sharpness": 21.264048031678072,
      "transform_matrix": [
        [
          0.9129794388328321,
          0.10266113245079399,
          -0.3948787613783349,
          -1.631370470228439
        ],
        [
          -0.4070535657382028,
          0.16310887989524042,
          -0.8987229205502065,
          -3.617111988052843
        ],
        [
          -0.027855680320329042,
          0.981252355523468,
          0.1907036336622263,
          0.688089974644919
        ],
        [
          0.0,
          0.0,
          0.0,
          1.0
        ]
      ]
    },
    {
      "file_path": "./images/0038.jpg",
      "sharpness": 21.48144144431651,
      "transform_matrix": [
        [
          0.8937640051079854,
          0.10874622635683623,
          -0.4351553302692744,
          -1.746833559893182
        ],
        [
          -0.4478734260621948,
          0.16359564205268112,
          -0.8790027645757669,
          -3.5051484096392187
        ],
        [
          -0.024398717956792625,
          0.9805155400051551,
          0.19492044122898794,
          0.7000308129555901
        ],
        [
          0.0,
          0.0,
          0.0,
          1.0
        ]
      ]
    },
    {
      "file_path": "./images/0039.jpg",
      "sharpness": 16.932539055857628,
      "transform_matrix": [
        [
          0.8741600202235873,
          0.11516895748073128,
          -0.471784241270074,
          -1.86739399874121
        ],
        [
          -0.48515740071231256,
          0.16389316645080015,
          -0.8589303385769773,
          -3.387141823090624
        ],
        [
          -0.02159989845914126,
          0.9797321783327234,
          0.1991439257532379,
          0.7178213037056814
        ],
        [
          0.0,
          0.0,
          0.0,
          1.0
        ]
      ]
    },
    {
      "file_path": "./images/0041.jpg",
      "sharpness": 19.837422356599795,
      "transform_matrix": [
        [
          0.8320315630107222,
          0.12971365576065785,
          -0.5393494652805554,
          -2.139676932418574
        ],
        [
          -0.5544873689756885,
          0.16581961794879757,
          -0.815504513753843,
          -3.1770856999675936
        ],
        [
          -0.016347349494618732,
          0.9775879611827687,
          0.2098917396027243,
          0.7778507834639815
        ],
        [
          0.0,
          0.0,
          0.0,
          1.0
        ]
      ]
    },
    {
      "file_path": "./images/0042.jpg",
      "sharpness": 24.14037839304653,
      "transform_matrix": [
        [
          0.8037521318785928,
          0.1363810683462876,
          -0.5791223659405869,
          -2.290119135102373
        ],
        [
          -0.5948870979772178,
          0.16853723433183135,
          -0.7859418180165627,
          -3.085911126722903
        ],
        [
          -0.00958390290378898,
          0.9762148354114458,
          0.21659349936268726,
          0.8188562053320938
        ],
        [
          0.0,
          0.0,
          0.0,
          1.0
        ]
      ]
    },
    {
      "file_path": "./images/0040.jpg",
      "sharpness": 18.559975786039054,
      "transform_matrix": [
        [
          0.8528486748719867,
          0.12255026052715766,
          -0.5075732178209394,
          -2.000415476198427
        ],
        [
          -0.5218073051181209,
          0.16440015579580014,
          -0.8370721146369884,
          -3.27497430292101
        ],
        [
          -0.01913828964124371,
          0.978751256681725,
          0.20415607620639634,
          0.7433869672210542
        ],
        [
          0.0,
          0.0,
          0.0,
          1.0
        ]
      ]
    },
    {
      "file_path": "./images/0043.jpg",
      "sharpness": 23.62081741793749,
      "transform_matrix": [
        [
          0.7806631901206083,
          0.14112958184248592,
          -0.6088082003020002,
          -2.4369506076594907
        ],
        [
          -0.6249500990612858,
          0.1738991931539228,
          -0.7610495675755041,
          -2.9889238230489457
        ],
        [
          -0.0015353524153258493,
          0.9745981283514613,
          0.22395564503988086,
          0.8540066472682306
        ],
        [
          0.0,
          0.0,
          0.0,
          1.0
        ]
      ]
    },
    {
      "file_path": "./images/0046.jpg",
      "sharpness": 30.78353083556003,
      "transform_matrix": [
        [
          0.6590752487411321,
          0.18287003130631876,
          -0.7295055641885956,
          -2.9457915711413567
        ],
        [
          -0.7520653599109808,
          0.16565094350718093,
          -0.6379321745611408,
          -2.6856919024330717
        ],
        [
          0.0041846082682755895,
          0.969081171317415,
          0.24670665270751763,
          0.9144552571021394
        ],
        [
          0.0,
          0.0,
          0.0,
          1.0
        ]
      ]
    },
    {
      "file_path": "./images/0047.jpg",
      "sharpness": 63.46993208056843,
      "transform_matrix": [
        [
          0.6201921103678734,
          0.19477409044394045,
          -0.7598847280768709,
          -3.118722243497189
        ],
        [
          -0.7844049433793165,
          0.16435907442940448,
          -0.5980760649432136,
          -2.5883992348962654
        ],
        [
          0.008404229014148992,
          0.9669793939795904,
          0.2547159606149199,
          0.9654930462648811
        ],
        [
          0.0,
          0.0,
          0.0,
          1.0
        ]
      ]
    },
    {
      "file_path": "./images/0045.jpg",
      "sharpness": 35.28376775823847,
      "transform_matrix": [
        [
          0.7004593355993103,
          0.16499954978845807,
          -0.694357161536237,
          -2.776010883014061
        ],
        [
          -0.7136740219634956,
          0.1689016841023376,
          -0.679809981895677,
          -2.787199335204256
        ],
        [
          0.005109752997502713,
          0.971723916405148,
          0.236064653747623,
          0.8929154798111111
        ],
        [
          0.0,
          0.0,
          0.0,
          1.0
        ]
      ]
    },
    {
      "file_path": "./images/0044.jpg",
      "sharpness": 32.48669741755612,
      "transform_matrix": [
        [
          0.7432661620729463,
          0.15001876343967904,
          -0.6519584211962162,
          -2.603878697099437
        ],
        [
          -0.6689777025721582,
          0.17384182273809237,
          -0.7226671807488791,
          -2.8908716931086733
        ],
        [
          0.004924003455813262,
          0.9732797086757121,
          0.22956995210290007,
          0.8771551215444447
        ],
        [
          0.0,
          0.0,
          0.0,
          1.0
        ]
      ]
    },
    {
      "file_path": "./images/0049.jpg",
      "sharpness": 70.54148048716841,
      "transform_matrix": [
        [
          0.5387867701203496,
          0.21734353262332262,
          -0.8139229725258876,
          -3.3711493260473646
        ],
        [
          -0.8422758424693831,
          0.1581732608207802,
          -0.5153179841194858,
          -2.391188550485533
        ],
        [
          0.01673981952850363,
          0.9631941696380942,
          0.268284867362613,
          1.0579999455572586
        ],
        [
          0.0,
          0.0,
          0.0,
          1.0
        ]
      ]
    },
    {
      "file_path": "./images/0050.jpg",
      "sharpness": 76.90697482528167,
      "transform_matrix": [
        [
          0.49868377124198293,
          0.22516722468743683,
          -0.837027011070558,
          -3.4618471846131325
        ],
        [
          -0.8664864237647854,
          0.15480175093183096,
          -0.4745921357786183,
          -2.268217629084941
        ],
        [
          0.02271065281920481,
          0.9619439374889238,
          0.2723014642180068,
          1.0792017827891114
        ],
        [
          0.0,
          0.0,
          0.0,
          1.0
        ]
      ]
    },
    {
      "file_path": "./images/0048.jpg",
      "sharpness": 58.78005786631809,
      "transform_matrix": [
        [
          0.5783206735449488,
          0.20554009284048005,
          -0.7894925388000349,
          -3.2614729589533624
        ],
        [
          -0.8157238665192702,
          0.15971466943681895,
          -0.555954852448199,
          -2.4959948237462726
        ],
        [
          0.011822527869964279,
          0.9655280910665043,
          0.26003025446027606,
          1.0220431109929258
        ],
        [
          0.0,
          0.0,
          0.0,
          1.0
        ]
      ]
    },
    {
      "file_path": "./images/0051.jpg",
      "sharpness": 80.07025945182465,
      "transform_matrix": [
        [
          0.46063861881248247,
          0.23313553685001434,
          -0.8564227252656627,
          -3.519916476471102
        ],
        [
          -0.8871394064006964,
          0.15159662806312452,
          -0.43589234447747394,
          -2.12257776566946
        ],
        [
          0.028208801608338857,
          0.9605551956312858,
          0.27665498313965703,
          1.0895922511085634
        ],
        [
          0.0,
          0.0,
          0.0,
          1.0
        ]
      ]
    },
    {
      "file_path": "./images/0052.jpg",
      "sharpness": 75.56981094672825,
      "transform_matrix": [
        [
          0.41960868975501897,
          0.24015340373301464,
          -0.8753598632521391,
          -3.545339446308266
        ],
        [
          -0.9071567006335662,
          0.14446681280031543,
          -0.39521647295893286,
          -1.9592711144902688
        ],
        [
          0.03154786830491196,
          0.9599248318027588,
          0.2784762994085866,
          1.0914048446270026
        ],
        [
          0.0,
          0.0,
          0.0,
          1.0
        ]
      ]
    },
    {
      "file_path": "./images/0053.jpg",
      "sharpness": 75.69263298649608,
      "transform_matrix": [
        [
          0.37979849483968986,
          0.24692986610950543,
          -0.8915036424916774,
          -3.5595184136852867
        ],
        [
          -0.924375422319027,
          0.13862207471171686,
          -0.3554068077827112,
          -1.7752591715267871
        ],
        [
          0.03582152907505762,
          0.9590670266788486,
          0.2809043545952203,
          1.0935808160461988
        ],
        [
          0.0,
          0.0,
          0.0,
          1.0
        ]
      ]
    },
    {
      "file_path": "./images/0054.jpg",
      "sharpness": 74.57617896911007,
      "transform_matrix": [
        [
          0.33696129184104445,
          0.25553213929671653,
          -0.9061790185291967,
          -3.5600900882393183
        ],
        [
          -0.9407873283481575,
          0.12930546914648472,
          -0.3133676729841513,
          -1.5647008287326514
        ],
        [
          0.03709839125754495,
          0.9581145137572007,
          0.2839723365617592,
          1.1025486039681294
        ],
        [
          0.0,
          0.0,
          0.0,
          1.0
        ]
      ]
    },
    {
      "file_path": "./images/0055.jpg",
      "sharpness": 48.75576417728049,
      "transform_matrix": [
        [
          0.3039525522595186,
          0.26355891200557957,
          -0.9155050769453111,
          -3.5457595246515194
        ],
        [
          -0.9518179400766372,
          0.12505219799322603,
          -0.28000813689692644,
          -1.3560461789277265
        ],
        [
          0.040687282232705645,
          0.9565033443310433,
          0.28887003545969436,
          1.1174495944728067
        ],
        [
          0.0,
          0.0,
          0.0,
          1.0
        ]
      ]
    },
    {
      "file_path": "./images/0056.jpg",
      "sharpness": 79.74931783380752,
      "transform_matrix": [
        [
          0.27127672693457555,
          0.2719499697915431,
          -0.9232833537919565,
          -3.516693416374349
        ],
        [
          -0.9614415747545368,
          0.12156682281248397,
          -0.24668118276016257,
          -1.1530876434366895
        ],
        [
          0.045155683676374556,
          0.954601865469916,
          0.2944422570072365,
          1.1384414334935056
        ],
        [
          0.0,
          0.0,
          0.0,
          1.0
        ]
      ]
    },
    {
      "file_path": "./images/0058.jpg",
      "sharpness": 115.43210550197094,
      "transform_matrix": [
        [
          0.1912802009753453,
          0.282683345640797,
          -0.9399478766652106,
          -3.4443701705854783
        ],
        [
          -0.9797931114436402,
          0.11202542393556801,
          -0.1656978067531511,
          -0.7601468695151636
        ],
        [
          0.0584580489824343,
          0.9526491644495667,
          0.29839944038343846,
          1.1649771966084168
        ],
        [
          0.0,
          0.0,
          0.0,
          1.0
        ]
      ]
    },
    {
      "file_path": "./images/0060.jpg",
      "sharpness": 114.81382181290792,
      "transform_matrix": [
        [
          0.08043619804029682,
          0.29646527433897546,
          -0.9516503345195747,
          -3.349348591796512
        ],
        [
          -0.9946630788397515,
          0.08576712814917281,
          -0.05735293650047652,
          -0.34337390187832106
        ],
        [
          0.06461716214018408,
          0.9511847038706652,
          0.3017818442482315,
          1.183100186590171
        ],
        [
          0.0,
          0.0,
          0.0,
          1.0
        ]
      ]
    },
    {
      "file_path": "./images/0069.jpg",
      "sharpness": 19.291707623347527,
      "transform_matrix": [
        [
          -0.33796751711736017,
          0.4058684100636546,
          -0.8491459186271868,
          -2.6027447881804315
        ],
        [
          -0.9290331039984319,
          0.0004874177933240922,
          0.3699962893085442,
          1.0768542195664164
        ],
        [
          0.15058369450097825,
          0.9139313957700606,
          0.37690045743493683,
          1.2413648637456105
        ],
        [
          0.0,
          0.0,
          0.0,
          1.0
        ]
      ]
    },
    {
      "file_path": "./images/0059.jpg",
      "sharpness": 108.7509177122626,
      "transform_matrix": [
        [
          0.14036980506619498,
          0.2892488541121196,
          -0.9469062351974374,
          -3.3962923808462833
        ],
        [
          -0.988181889037103,
          0.10041700220612354,
          -0.1158144198714292,
          -0.556365855605003
        ],
        [
          0.061586297271342495,
          0.9519724397796229,
          0.29992599408333703,
          1.1701198497766312
        ],
        [
          0.0,
          0.0,
          0.0,
          1.0
        ]
      ]
    },
    {
      "file_path": "./images/0057.jpg",
      "sharpness": 93.63216848619507,
      "transform_matrix": [
        [
          0.23357023283942918,
          0.2778866345650929,
          -0.9317853640708793,
          -3.483387721152809
        ],
        [
          -0.9708872273292234,
          0.11901639158984448,
          -0.20787758499911416,
          -0.9566777446934714
        ],
        [
          0.05313132927102289,
          0.9532125245190692,
          0.29759527044010115,
          1.155790586205552
        ],
        [
          0.0,
          0.0,
          0.0,
          1.0
        ]
      ]
    },
    {
      "file_path": "./images/0062.jpg",
      "sharpness": 143.67681514107147,
      "transform_matrix": [
        [
          -0.03812681920829785,
          0.31519996276735557,
          -0.9482591044455075,
          -3.223022817179145
        ],
        [
          -0.9960344468776797,
          0.06434930471519767,
          0.06143734710177229,
          0.054657878339712
        ],
        [
          0.08038486357992829,
          0.9468411432186923,
          0.3114965862637924,
          1.248308901528321
        ],
        [
          0.0,
          0.0,
          0.0,
          1.0
        ]
      ]
    },
    {
      "file_path": "./images/0066.jpg",
      "sharpness": 43.58840917056987,
      "transform_matrix": [
        [
          -0.21177307892801478,
          0.34778907360242245,
          -0.9133427195524136,
          -2.8955276422859177
        ],
        [
