{
  "camera_angle_x": 0.6229812281730042,
  "camera_angle_y": 1.042810820349858,
  "fl_x": 1677.165218743666,
  "fl_y": 1671.2234314608597,
  "k1": 0.0691972252306685,
  "k2": -0.09273145674410024,
  "p1": -0.004856758498000478,
  "p2": 0.0010322676796084647,
  "cx": 543.3168483730809,
  "cy": 956.595601451096,
  "w": 1080.0,
  "h": 1920.0,
  "aabb_scale": 2,
  "frames": [
    {
      "file_path": "./images/0004.jpg",
      "sharpness": 1145.5983002658338,
      "transform_matrix": [
        [
          -0.08883968479776774,
          0.02788176614818795,
          0.9956556219489168,
          4.8196108928831185
        ],
        [
          0.9960374407418215,
          -0.0016421437999806134,
          0.08891973911467117,
          0.5902007262950221
        ],
        [
          0.004114249078452395,
          0.9996098791414529,
          -0.02762539546002021,
          -0.034737595095276914
        ],
        [
          0.0,
          0.0,
          0.0,
          1.0
        ]
      ]
    },
    {
      "file_path": "./images/0012.jpg",
      "sharpness": 721.3550194621247,
      "transform_matrix": [
        [
          -0.3209616496311488,
          0.02553908851556492,
          0.9467477881784774,
          4.448149564778344
        ],
        [
          0.9470528223816046,
          0.01776916995282932,
          0.3205857267849316,
          1.5898645294572038
        ],
        [
          -0.008635455097421535,
          0.9995158885950611,
          -0.029890087960355746,
          -0.0855809801428162
        ],
        [
          0.0,
          0.0,
          0.0,
          1.0
        ]
      ]
    },
    {
      "file_path": "./images/0003.jpg",
      "sharpness": 1251.5410543714288,
      "transform_matrix": [
        [
          -0.07073177656996696,
          0.02693752876236108,
          0.9971315787419563,
          4.85477173566489
        ],
        [
          0.9974896136934073,
          -0.0014863111903786383,
          0.07079732659374144,
          0.48675931573739456
        ],
        [
          0.003389152845181263,
          0.999636013967191,
          -0.026764775727991318,
          -0.02614017839017369
        ],
        [
          0.0,
          0.0,
          0.0,
          1.0
        ]
      ]
    },
    {
      "file_path": "./images/0016.jpg",
      "sharpness": 781.8922251109178,
      "transform_matrix": [
        [
          -0.45372991184749706,
          0.014030143831379491,
          0.8910287998465181,
          4.2742494486021565
        ],
        [
          0.8911134912567258,
          0.014746034446408372,
          0.45354084729862376,
          2.14739739014674
        ],
        [
          -0.006775898054273228,
          0.9997928333055645,
          -0.019193167361883635,
          -0.10424401918803053
        ],
        [
          0.0,
          0.0,
          0.0,
          1.0
        ]
      ]
    },
    {
      "file_path": "./images/0015.jpg",
      "sharpness": 659.1366579686506,
      "transform_matrix": [
        [
          -0.41795213788086705,
          0.015247023727175887,
          0.9083410916089115,
          4.314469883257845
        ],
        [
          0.9084428258748289,
          0.014611096399838465,
          0.4177536929562064,
          2.0086451758751815
        ],
        [
          -0.006902358784813663,
          0.9997769971981002,
          -0.019957788297992177,
          -0.08744448821666409
        ],
        [
          0.0,
          0.0,
          0.0,
          1.0
        ]
      ]
    },
    {
      "file_path": "./images/0011.jpg",
      "sharpness": 894.2720051761501,
      "transform_matrix": [
        [
          -0.28639039097258573,
          0.028380719203025824,
          0.9576925804939086,
          4.50811637961136
        ],
        [
          0.95808258390227,
          0.01644922651913359,
          0.28601955417430935,
          1.4517908987829913
        ],
        [
          -0.007635861538642171,
          0.9994618340494219,
          -0.031901973201051065,
          -0.07138565707190324
        ],
        [
          0.0,
          0.0,
          0.0,
          1.0
        ]
      ]
    },
    {
      "file_path": "./images/0001.jpg",
      "sharpness": 1333.4364698126208,
      "transform_matrix": [
        [
          -0.048567659586987784,
          0.026623668815770038,
          0.9984650032414877,
          4.876173599856747
        ],
        [
          0.998819869838178,
          0.0010706542770487252,
          0.04855637255667324,
          0.3841179662897512
        ],
        [
          0.00022373795564004182,
          0.9996449539487502,
          -0.026644248593645267,
          -0.00968338964306205
        ],
        [
          0.0,
          0.0,
          0.0,
          1.0
        ]
      ]
    },
    {
      "file_path": "./images/0010.jpg",
      "sharpness": 794.2601334400592,
      "transform_matrix": [
        [
          -0.2552716704357492,
          0.03029164100921106,
          0.9663947385798954,
          4.5570026760323845
        ],
        [
          0.9668483012163858,
          0.014595381860075324,
          0.25493398608923534,
          1.3361266966662912
        ],
        [
          -0.00638253144947892,
          0.9994345357802682,
          -0.033013209158881396,
          -0.05669496602742023
        ],
        [
          0.0,
          0.0,
          0.0,
          1.0
        ]
      ]
    },
    {
      "file_path": "./images/0007.jpg",
      "sharpness": 726.0402024867068,
      "transform_matrix": [
        [
          -0.15944031456016272,
          0.03034498367625715,
          0.9867410846091478,
          4.682979261558953
        ],
        [
          0.98720756147408,
          0.0047702188831581565,
          0.15936899190308723,
          0.9195973066883034
        ],
        [
          0.0001290785032102266,
          0.9995281021434497,
          -0.03071736253726017,
          -0.03734483732361643
        ],
        [
          0.0,
          0.0,
          0.0,
          1.0
        ]
      ]
    },
    {
      "file_path": "./images/0005.jpg",
      "sharpness": 786.769780951448,
      "transform_matrix": [
        [
          -0.10806797435537696,
          0.028995765734994395,
          0.9937205635817145,
          4.777302899321231
        ],
        [
          0.9941374231591339,
          -0.00034509130068357326,
          0.10812337761330852,
          0.6924166934972728
        ],
        [
          0.0034780444495542628,
          0.9995794748184995,
          -0.028788482512480718,
          -0.043359822728485216
        ],
        [
          0.0,
          0.0,
          0.0,
          1.0
        ]
      ]
    },
    {
      "file_path": "./images/0014.jpg",
      "sharpness": 724.3507320944174,
      "transform_matrix": [
        [
          -0.38820851642714116,
          0.01816576880679467,
          0.9213925073572551,
          4.352070007500684
        ],
        [
          0.9215348709097888,
          0.016573798536307686,
          0.3879417364751513,
          1.8808135678140925
        ],
        [
          -0.00822371389448847,
          0.999697611301902,
          -0.02317447915368895,
          -0.08208965610424386
        ],
        [
          0.0,
          0.0,
          0.0,
          1.0
        ]
      ]
    },
    {
      "file_path": "./images/0006.jpg",
      "sharpness": 732.6651297248405,
      "transform_matrix": [
        [
          -0.13371891531266014,
          0.02909533075661065,
          0.9905921024381137,
          4.717666614384086
        ],
        [
          0.9910175731493578,
          0.002060186776538664,
          0.13371583802826675,
          0.810258037922059
        ],
        [
          0.0018497017844431652,
          0.9995745181604025,
          -0.02910947001749441,
          -0.039555924942751695
        ],
        [
          0.0,
          0.0,
          0.0,
          1.0
        ]
      ]
    },
    {
      "file_path": "./images/0002.jpg",
      "sharpness": 1102.69639838227,
      "transform_matrix": [
        [
          -0.05861907917604454,
          0.02686206420287342,
          0.997918951147991,
          4.869795553283931
        ],
        [
          0.9982791105985448,
          -4.3780802948452096e-05,
          0.058641413913874604,
          0.4280983116113507
        ],
        [
          0.0016189191184605028,
          0.9996391486866619,
          -0.02681327117093107,
          -0.017157140987939724
        ],
        [
          0.0,
          0.0,
          0.0,
          1.0
        ]
      ]
    },
    {
      "file_path": "./images/0008.jpg",
      "sharpness": 762.4676828459045,
      "transform_matrix": [
        [
          -0.1912301761894489,
          0.030013618201980646,
          0.9810862359823274,
          4.635476976428515
        ],
        [
          0.98154171507705,
          0.008518691946459978,
          0.19105835090653042,
          1.0549587766815582
        ],
        [
          -0.0026232190188367416,
          0.9995131888109027,
          -0.03108864924746505,
          -0.04172779636873961
        ],
        [
          0.0,
          0.0,
          0.0,
          1.0
        ]
      ]
    },
    {
      "file_path": "./images/0009.jpg",
      "sharpness": 819.7534174405818,
      "transform_matrix": [
        [
          -0.22033712519659615,
          0.030115649280867164,
          0.9749587678078927,
          4.603788414331304
        ],
        [
          0.9754082300714261,
          0.012446563350138124,
          0.22005423824525172,
          1.1921862021655407
        ],
        [
          -0.005507809805531157,
          0.9994689243424006,
          -0.032117492149649214,
          -0.04772861540604436
        ],
        [
          0.0,
          0.0,
          0.0,
          1.0
        ]
      ]
    },
    {
      "file_path": "./images/0013.jpg",
      "sharpness": 677.7914815673546,
      "transform_matrix": [
        [
          -0.3527804612656349,
          0.02190333405919953,
          0.9354497261228366,
          4.38516399367282
        ],
        [
          0.9356683549226742,
          0.017239749971347074,
          0.3524592467466565,
          1.720601208012219
        ],
        [
          -0.008406886765376953,
          0.9996114419988446,
          -0.026576103493489066,
          -0.08173503381568997
        ],
        [
          0.0,
          0.0,
          0.0,
          1.0
        ]
      ]
    },
    {
      "file_path": "./images/0017.jpg",
      "sharpness": 881.8625519301154,
      "transform_matrix": [
        [
          -0.4847530344971195,
          0.012732154099245096,
          0.8745583958746384,
          4.226761329036025
        ],
        [
          0.8746227372707525,
          0.015104427252168125,
          0.4845688018500563,
          2.243633379213809
        ],
        [
          -0.007040099011419836,
          0.9998048552224426,
          -0.01845774841446428,
          -0.10752820748337544
        ],
        [
          0.0,
          0.0,
          0.0,
          1.0
        ]
      ]
    },
    {
      "file_path": "./images/0021.jpg",
      "sharpness": 809.5975357800701,
      "transform_matrix": [
        [
          -0.6145901959242934,
          0.009946014671242764,
          0.7887838537032128,
          3.9356322336095273
        ],
        [
          0.7887338664893039,
          0.024648857520949273,
          0.6142404428851488,
          2.7350365287822
        ],
        [
          -0.013333376368149435,
          0.9996466928930766,
          -0.022993704780918868,
          -0.106005370460741
        ],
        [
          0.0,
          0.0,
          0.0,
          1.0
        ]
      ]
    },
    {
      "file_path": "./images/0022.jpg",
      "sharpness": 680.8033473002306,
      "transform_matrix": [
        [
          -0.6441995837645593,
          0.007898482888937472,
          0.7648166513894784,
          3.8572301314393784
        ],
        [
          0.7647072363394246,
          0.02646706885488273,
          0.6438340911728339,
          2.867053507798788
        ],
        [
          -0.01515714242124291,
          0.9996184813373941,
          -0.023090101761057014,
          -0.10620857084517724
        ],
        [
          0.0,
          0.0,
          0.0,
          1.0
        ]
      ]
    },
    {
      "file_path": "./images/0020.jpg",
      "sharpness": 767.0711016266181,
      "transform_matrix": [
        [
          -0.5853948068898849,
          0.00947103162429977,
          0.8106930489546081,
          3.9957148509302582
        ],
        [
          0.8106666253091263,
          0.021036941601393133,
          0.5851299596653471,
          2.6154056188339476
        ],
        [
          -0.01151271797519769,
          0.9997338379013807,
          -0.019992765611368448,
          -0.0942100429877808
        ],
        [
          0.0,
          0.0,
          0.0,
          1.0
        ]
      ]
    },
    {
      "file_path": "./images/0024.jpg",
      "sharpness": 659.5329233431778,
      "transform_matrix": [
        [
          -0.6851263348088353,
          0.004514658138009639,
          0.7284102712141709,
          3.645068445029622
        ],
        [
          0.7282597660228397,
          0.02549576302555973,
          0.6848267512737087,
          3.0396250713343314
        ],
        [
          -0.015479616994495621,
          0.9996647357622631,
          -0.020755662554116372,
          -0.14001913882132708
        ],
        [
          0.0,
          0.0,
          0.0,
          1.0
        ]
      ]
    },
    {
      "file_path": "./images/0023.jpg",
      "sharpness": 640.2704787770778,
      "transform_matrix": [
        [
          -0.6652622802350754,
          0.006088003090818963,
          0.7465849146023426,
          3.7679184945157105
        ],
        [
          0.7464426006565168,
          0.02658095352516935,
          0.6649187144567577,
          2.9568658921818614
        ],
        [
          -0.015796911728881275,
          0.9996281254171738,
          -0.022227650612892558,
          -0.1175948799884046
        ],
        [
          0.0,
          0.0,
          0.0,
          1.0
        ]
      ]
    },
    {
      "file_path": "./images/0019.jpg",
      "sharpness": 719.8696021818373,
      "transform_matrix": [
        [
          -0.550602570152817,
          0.00923072249879876,
          0.8347164809084913,
          4.06858726026173
        ],
        [
          0.8347098427876279,
          0.017842282764624257,
          0.5504008823568503,
          2.4780398935753105
        ],
        [
          -0.009812649672531317,
          0.9997982029914289,
          -0.01752898167338398,
          -0.10106123961465024
        ],
        [
          0.0,
          0.0,
          0.0,
          1.0
        ]
      ]
    },
    {
      "file_path": "./images/0025.jpg",
      "sharpness": 603.0688585949476,
      "transform_matrix": [
        [
          -0.700600100471619,
          0.003994165546983804,
          0.7135429530573012,
          3.5127457234065345
        ],
        [
          0.7133967358719433,
          0.024923131603391893,
          0.7003170244670164,
          3.1019405322547366
        ],
        [
          -0.014986542792627611,
          0.9996813913190826,
          -0.020310573169154186,
          -0.15138451546075576
        ],
        [
          0.0,
          0.0,
          0.0,
          1.0
        ]
      ]
    },
    {
      "file_path": "./images/0018.jpg",
      "sharpness": 673.2654973357515,
      "transform_matrix": [
        [
          -0.5202592646335921,
          0.009858419326839597,
          0.8539514676656299,
          4.148969731081294
        ],
        [
          0.8539667092059458,
          0.015882268549740897,
          0.5200851979374919,
          2.3622143137656266
        ],
        [
          -0.008435468570960744,
          0.9998252672897815,
          -0.016681659266914953,
          -0.10436784042466427
        ],
        [
          0.0,
          0.0,
          0.0,
          1.0
        ]
      ]
    },
    {
      "file_path": "./images/0026.jpg",
      "sharpness": 606.2074786074985,
      "transform_matrix": [
        [
          -0.7188694177575231,
          0.0015703763434169677,
          0.6951433622844233,
          3.371739240222512
        ],
        [
          0.6950223632858287,
          0.020417199963123536,
          0.7186981650722687,
          3.191214053132312
        ],
        [
          -0.013064254434312403,
          0.9997903139462788,
          -0.01576874732717938,
          -0.13146470856627893
        ],
        [
          0.0,
          0.0,
          0.0,
          1.0
        ]
      ]
    },
    {
      "file_path": "./images/0030.jpg",
      "sharpness": 753.894470915448,
      "transform_matrix": [
        [
          -0.7834116737477523,
          0.004995782151014483,
          0.6214830581708872,
          2.856429347424578
        ],
        [
          0.6214367257722283,
          0.020914595107608215,
          0.783185147696875,
          3.587714853345505
        ],
        [
          -0.00908544414607853,
          0.9997687842042168,
          -0.01948930046160569,
          -0.17148882991407452
        ],
        [
          0.0,
          0.0,
          0.0,
          1.0
        ]
      ]
    },
    {
      "file_path": "./images/0029.jpg",
      "sharpness": 733.4230709188297,
      "transform_matrix": [
        [
          -0.764584852934089,
          0.006269052606574386,
          0.644492592385798,
          2.9907374628391943
        ],
        [
          0.6444612842833165,
          0.021282940375722335,
          0.764340689423807,
          3.488118808898369
        ],
        [
          -0.008925005424998474,
          0.9997538374146768,
          -0.02031277553124927,
          -0.16222590679298377
        ],
        [
          0.0,
          0.0,
          0.0,
          1.0
        ]
      ]
    },
    {
      "file_path": "./images/0031.jpg",
      "sharpness": 697.1578887833874,
      "transform_matrix": [
        [
          -0.7925732568827224,
          0.021219278480708762,
          0.609407396322087,
          2.6807956626806644
        ],
        [
          0.6097486256643433,
          0.017987890348599697,
          0.7923907175764049,
          3.541546583327803
        ],
        [
          0.00585200587911506,
          0.9996130141302472,
          -0.027195146729240102,
          -0.2222675077009165
        ],
        [
          0.0,
          0.0,
          0.0,
          1.0
        ]
      ]
    },
    {
      "file_path": "./images/0028.jpg",
      "sharpness": 695.0096652434652,
      "transform_matrix": [
        [
          -0.7494720555458363,
          0.004276844685626661,
          0.6620221646987561,
          3.1191523389925613
        ],
        [
          0.661964325547055,
          0.019553213743624363,
          0.7492802570035643,
          3.3920343026988107
        ],
        [
          -0.00974010560416099,
          0.9997996701483874,
          -0.017485705904751625,
          -0.15717072604487403
        ],
        [
          0.0,
          0.0,
          0.0,
          1.0
        ]
      ]
    },
    {
      "file_path": "./images/0027.jpg",
      "sharpness": 521.3325005164535,
      "transform_matrix": [
        [
          -0.7339918688796107,
          0.0009900086428296748,
          0.6791575342278819,
          3.276277001958129
        ],
        [
          0.6790598575195911,
          0.018091646373208942,
          0.7338599336637598,
          3.293056328721308
        ],
        [
          -0.011560550263997837,
          0.9998358426318726,
          -0.013951396460523752,
          -0.13604401671848823
        ],
        [
          0.0,
          0.0,
          0.0,
          1.0
        ]
      ]
    },
    {
      "file_path": "./images/0032.jpg",
      "sharpness": 558.5989347018252,
      "transform_matrix": [
        [
          -0.8137822626801459,
          0.018885043164352376,
          0.5808629649830118,
          2.485858990704273
        ],
        [
          0.5811186507957268,
          0.013171098220503545,
          0.8137122561870496,
          3.6233719999341214
        ],
        [
          0.007716387917010852,
          0.9997349035185971,
          -0.02169285691575134,
          -0.1887122728481963
        ],
        [
          0.0,
          0.0,
          0.0,
          1.0
        ]
      ]
    },
    {
      "file_path": "./images/0033.jpg",
      "sharpness": 676.9830260340285,
      "transform_matrix": [
        [
          -0.8325434453933791,
          0.020646563914429508,
          0.5535748647907002,
          2.327405065585771
        ],
        [
          0.5538712741526925,
          0.013164545275676892,
          0.8324982320798983,
          3.7041125105166524
        ],
        [
          0.00990066658627332,
          0.9997001621202252,
          -0.02239559454300926,
          -0.1908875888290138
        ],
        [
          0.0,
          0.0,
          0.0,
          1.0
        ]
      ]
    },
    {
      "file_path": "./images/0034.jpg",
      "sharpness": 731.0476205555682,
      "transform_matrix": [
        [
          -0.854886156739745,
          0.02017365366405325,
          0.5184232659802064,
          2.1408369690833844
        ],
        [
          0.5187114365339739,
          0.013209393164512407,
          0.854847329960786,
          3.800116735324213
        ],
        [
          0.010397337224306429,
          0.9997092255386365,
          -0.02175683222749421,
          -0.20381934352471087
        ],
        [
          0.0,
          0.0,
          0.0,
          1.0
        ]
      ]
    },
    {
      "file_path": "./images/0040.jpg",
      "sharpness": 632.2267283326578,
      "transform_matrix": [
        [
          -0.9679493689641284,
          0.02889588679998176,
          0.24947754777731274,
          1.0956766635863668
        ],
        [
          0.24964565715155498,
          0.002306097735981146,
          0.9683345123347608,
          4.088777448373839
        ],
        [
          0.027405564844833422,
          0.9995797665200444,
          -0.009445918497470947,
          -0.1690596004955482
        ],
        [
          0.0,
          0.0,
          0.0,
          1.0
        ]
      ]
    },
    {
      "file_path": "./images/0041.jpg",
      "sharpness": 604.7320637199065,
      "transform_matrix": [
        [
          -0.979506052460595,
          0.029987888299574862,
          0.19916982639292446,
          0.9118350006356625
        ],
        [
          0.19924100706938927,
          -0.0006256786398878603,
          0.9799503199796478,
          4.125330082145162
        ],
        [
          0.029511257040766563,
          0.9995500663191234,
          -0.005361961050026188,
          -0.15096163776580238
        ],
        [
          0.0,
          0.0,
          0.0,
          1.0
        ]
      ]
    },
    {
      "file_path": "./images/0042.jpg",
      "sharpness": 648.4938136241773,
      "transform_matrix": [
        [
          -0.9892745824286261,
          0.033094650856577645,
          0.14226926808816334,
          0.7279334705840345
        ],
        [
          0.14223574862225222,
          -0.003376952009935871,
          0.9898270495440041,
          4.136342896494782
        ],
        [
          0.033238417103877656,
          0.9994465169666639,
          -0.001366509650466568,
          -0.1385740258589249
        ],
        [
          0.0,
          0.0,
          0.0,
          1.0
        ]
      ]
    },
    {
      "file_path": "./images/0035.jpg",
      "sharpness": 838.0622400414658,
      "transform_matrix": [
        [
          -0.8731762044719185,
          0.02102885972033436,
          0.48695082195214573,
          1.9803699799023018
        ],
        [
          0.48720865096043614,
          0.00932578898308196,
          0.8732357986759095,
          3.893657443154804
        ],
        [
          0.013821952502465828,
          0.9997353733442155,
          -0.018388499403533903,
          -0.18533287728169293
        ],
        [
          0.0,
          0.0,
          0.0,
          1.0
        ]
      ]
    },
    {
      "file_path": "./images/0039.jpg",
      "sharpness": 711.5590613752777,
      "transform_matrix": [
        [
          -0.9519622194660013,
          0.02727839959955485,
          0.30499806822608705,
          1.2826915152456593
        ],
        [
          0.3052479300697721,
          0.0054181819896651304,
          0.9522574990474189,
          4.050240226491322
        ],
        [
          0.024323525540542987,
          0.9996131912976169,
          -0.013484579565732562,
          -0.17471354998423716
        ],
        [
          0.0,
          0.0,
          0.0,
          1.0
        ]
      ]
    },
    {
      "file_path": "./images/0037.jpg",
      "sharpness": 819.5362699089757,
      "transform_matrix": [
        [
          -0.9151562451824898,
          0.024077645876600263,
          0.4023795644283151,
          1.6376064367367713
        ],
        [
          0.4027291359984781,
          0.01184407749443857,
          0.9152425694023545,
          3.983891462729796
        ],
        [
          0.01727107173399225,
          0.9996399275710925,
          -0.020535951008221386,
          -0.22069791212392206
        ],
        [
          0.0,
          0.0,
          0.0,
          1.0
        ]
      ]
    },
    {
      "file_path": "./images/0036.jpg",
      "sharpness": 861.3242044511769,
      "transform_matrix": [
        [
          -0.896995153648636,
          0.022743281462186352,
          0.44145490990154884,
          1.7916018283766981
        ],
        [
          0.441835521272707,
          0.015729076571015226,
          0.89695817533032,
          3.943043951415694
        ],
        [
          0.01345609416085449,
          0.9996175965315673,
          -0.024157695075865977,
          -0.2144685448128059
        ],
        [
          0.0,
          0.0,
          0.0,
          1.0
        ]
      ]
    },
    {
      "file_path": "./images/0038.jpg",
      "sharpness": 628.1174261364312,
      "transform_matrix": [
        [
          -0.935633673394903,
          0.024572145057162376,
          0.35211622923949826,
          1.4478639945191194
        ],
        [
          0.3523418093892258,
          0.005406848361411584,
          0.9358557663161146,
          4.015105871436483
        ],
        [
          0.02109214458541142,
          0.9996834377317043,
          -0.013716623443891851,
          -0.18133142203696756
        ],
        [
          0.0,
          0.0,
          0.0,
          1.0
        ]
      ]
    },
    {
      "file_path": "./images/0045.jpg",
      "sharpness": 778.0145243621529,
      "transform_matrix": [
        [
          -0.9992031556178717,
          0.03991268435090464,
          -0.00017727996150028225,
          0.21009651754613579
        ],
        [
          -0.0006832313084673391,
          -0.012663171670638919,
          0.9999195854058552,
          4.035154514283
        ],
        [
          0.03990722986200511,
          0.9991229262248651,
          0.012680350688986756,
          -0.11647771472573373
        ],
        [
          0.0,
          0.0,
          0.0,
          1.0
        ]
      ]
    },
    {
      "file_path": "./images/0044.jpg",
      "sharpness": 581.1008037833252,
      "transform_matrix": [
        [
          -0.998170268272563,
          0.03689735319914542,
          0.0479030360266414,
          0.39704594942786636
        ],
        [
          0.04759543829861888,
          -0.009170823441032495,
          0.9988245943360499,
          4.068644373693763
        ],
        [
          0.03729329412690014,
          0.9992769792811715,
          0.007397897596843439,
          -0.1423003161444988
        ],
        [
          0.0,
          0.0,
          0.0,
          1.0
        ]
      ]
    },
    {
      "file_path": "./images/0043.jpg",
      "sharpness": 787.1208352311917,
      "transform_matrix": [
        [
          -0.9949019034672149,
          0.03566290718809228,
          0.09433111642082385,
          0.5710061046667548
        ],
        [
          0.09417716199655164,
          -0.005976172156622087,
          0.9955375168845362,
          4.114516589332612
        ],
        [
          0.036067501058374286,
          0.9993460073539294,
          0.002587073666550126,
          -0.14788069031150947
        ],
        [
          0.0,
          0.0,
          0.0,
          1.0
        ]
      ]
    },
    {
      "file_path": "./images/0046.jpg",
      "sharpness": 627.8413746320731,
      "transform_matrix": [
        [
          -0.9983463653003884,
          0.04303645428233606,
          -0.038110346250067303,
          0.05368720575522678
        ],
        [
          -0.038801743613863564,
          -0.015345692963052377,
          0.999129087956109,
          4.003326630483991
        ],
        [
          0.042414143643706076,
          0.9989556413111048,
          0.016990206257792066,
          -0.11486479242803894
        ],
        [
          0.0,
          0.0,
          0.0,
          1.0
        ]
      ]
    },
    {
      "file_path": "./images/0047.jpg",
      "sharpness": 661.661477878346,
      "transform_matrix": [
        [
          -0.996000093812668,
          0.044322982295428276,
          -0.07758405997747654,
          -0.1597445843346584
        ],
        [
          -0.07845348736917097,
          -0.018222475430197282,
          0.9967512185639952,
          3.9528924026926275
        ],
        [
          0.042765212986644034,
          0.9988510472671228,
          0.021626879769653898,
          -0.10812915640045857
        ],
        [
          0.0,
          0.0,
          0.0,
          1.0
        ]
      ]
    },
    {
      "file_path": "./images/0048.jpg",
      "sharpness": 703.3196017620235,
      "transform_matrix": [
        [
          -0.9929823038365216,
          0.04625684782357336,
          -0.10884139053656675,
          -0.34122929561567733
        ],
        [
          -0.10987243645608974,
          -0.02035688165606919,
          0.9937372112769259,
          3.9090131743426357
        ],
        [
          0.043751479652224055,
          0.998722134227364,
          0.02529637581892559,
          -0.08596255579736274
        ],
        [
          0.0,
          0.0,
          0.0,
          1.0
        ]
      ]
    },
    {
      "file_path": "./images/0049.jpg",
      "sharpness": 598.7869190335014,
      "transform_matrix": [
        [
          -0.988589722251449,
          0.047628328204818875,
          -0.14290522526559318,
          -0.5274142742475608
        ],
        [
          -0.14409640821958059,
          -0.022575114133116896,
          0.9893061150928418,
          3.837678434364694
        ],
        [
          0.04389289457408666,
          0.9986099872178748,
          0.02918059683447055,
          -0.08210942842823585
        ],
        [
          0.0,
          0.0,
          0.0,
          1.0
        ]
      ]
    },
    {
      "file_path": "./images/0050.jpg",
      "sharpness": 748.2155258071149,
      "transform_matrix": [
        [
          -0.9841000833630037,
          0.04690681082616255,
          -0.17130901032940604,
          -0.6848613792039794
        ],
        [
          -0.17256793735344145,
          -0.02422211163055904,
          0.9846997493173917,
          3.7700208863198093
        ],
        [
          0.04203965889028113,
          0.9986055479533794,
          0.031931593666960086,
          -0.0809464590927813
        ],
        [
          0.0,
          0.0,
          0.0,
          1.0
        ]
      ]
    },
    {
      "file_path": "./images/0053.jpg",
      "sharpness": 741.5714587593457,
      "transform_matrix": [
        [
          -0.9648332900735256,
          0.04509165756283032,
          -0.25896614601357726,
          -1.2330861079435784
        ],
        [
          -0.2603943041827746,
          -0.029263496981790236,
          0.9650587827140709,
          3.6480394147312807
        ],
        [
          0.03593784512589059,
          0.998554149838469,
          0.03997600686751852,
          -0.05208087428915853
        ],
        [
          0.0,
          0.0,
          0.0,
          1.0
        ]
      ]
    },
    {
      "file_path": "./images/0058.jpg",
      "sharpness": 865.3900697745052,
      "transform_matrix": [
        [
          -0.9034557447737439,
          0.03399512157678725,
          -0.427331310508944,
          -1.9843626229334332
        ],
        [
          -0.4284620350757354,
          -0.03972456932723542,
          0.9026861265636703,
          3.2773667949719605
        ],
        [
          0.013711372348200246,
          0.998632209723751,
          0.05045500934079102,
          -0.024914734964542412
        ],
        [
          0.0,
          0.0,
          0.0,
          1.0
        ]
      ]
    },
    {
      "file_path": "./images/0054.jpg",
      "sharpness": 647.1604219994795,
      "transform_matrix": [
        [
          -0.9569911933792336,
          0.0421212146486915,
          -0.2870429568341685,
          -1.4150065257216395
        ],
        [
          -0.2884257342483223,
          -0.03145584149053922,
          0.9569854365973585,
          3.615481818789635
        ],
        [
          0.03128021123943781,
          0.9986172106015576,
          0.04225180554925917,
          -0.034491561377905995
        ],
        [
          0.0,
          0.0,
          0.0,
          1.0
        ]
      ]
    },
    {
      "file_path": "./images/0056.jpg",
      "sharpness": 763.3463701975552,
      "transform_matrix": [
        [
          -0.9340809397243502,
          0.037908461319011794,
          -0.3550433024309746,
          -1.710970892752846
        ],
        [
          -0.3563238590872467,
          -0.0350894374099377,
          0.9337033998157146,
          3.4664421159333303
        ],
        [
          0.02293698947687457,
          0.9986649487889693,
          0.046284063899523296,
          -0.045451907924821476
        ],
        [
          0.0,
          0.0,
          0.0,
          1.0
        ]
      ]
    },
    {
      "file_path": "./images/0055.jpg",
      "sharpness": 659.7930049388661,
      "transform_matrix": [
        [
          -0.945842382776275,
          0.04001809810930947,
          -0.32215018045129973,
          -1.5770562443428806
        ],
        [
          -0.3234905944018271,
          -0.03325547344131092,
          0.9456468203403134,
          3.545021871702254
        ],
        [
          0.027129730463023506,
          0.9986453951763373,
          0.04439991458429381,
          -0.033555216489085306
        ],
        [
          0.0,
          0.0,
          0.0,
          1.0
        ]
      ]
    },
    {
      "file_path": "./images/0057.jpg",
      "sharpness": 778.5373629508547,
      "transform_matrix": [
        [
          -0.9186849039732492,
          0.03536247250813052,
          -0.39340506192316077,
          -1.8569263219498753
        ],
        [
          -0.39459816816694376,
          -0.0377454398932991,
          0.9180781924468914,
          3.353306925317593
        ],
        [
          0.01761626772217711,
          0.9986614928504899,
          0.04863013269736577,
          -0.03448666830475043
        ],
        [
          0.0,
          0.0,
          0.0,
          1.0
        ]
      ]
    },
    {
      "file_path": "./images/0051.jpg",
      "sharpness": 860.6353784652061,
      "transform_matrix": [
        [
          -0.9782820152715384,
          0.04759176789951203,
          -0.20174073019955543,
          -0.8667406939717627
        ],
        [
          -0.20308862900616034,
          -0.025378051964381473,
          0.9788314273902785,
          3.7101171039717236
        ],
        [
          0.041464531370769636,
          0.9985444297094075,
          0.03449223871407222,
          -0.06408387283522553
        ],
        [
          0.0,
          0.0,
          0.0,
          1.0
        ]
      ]
    },
    {
      "file_path": "./images/0052.jpg",
      "sharpness": 713.453049251793,
      "transform_matrix": [
        [
          -0.9723361716300825,
          0.047533362334604035,
          -0.22869837953495564,
          -1.0276075312720072
        ],
        [
          -0.23011322181118743,
          -0.02672549843689207,
          0.9727968199377365,
          3.6752434383332697
        ],
        [
          0.040128225535269804,
          0.9985120566099646,
          0.036924223985367675,
          -0.060104942161192894
        ],
        [
          0.0,
          0.0,
          0.0,
          1.0
        ]
      ]
    },
    {
      "file_path": "./images/0059.jpg",
      "sharpness": 879.8790870729883,
      "transform_matrix": [
        [
          -0.8815798797911552,
          0.034703792943736725,
          -0.4707574346728085,
          -2.120806866169882
        ],
        [
          -0.47191379754410506,
          -0.04221068597463708,
          0.880633650093528,
          3.1877347358420978
        ],
        [
          0.010690333606933269,
          0.9985058361080652,
          0.053589290184685875,
          -0.02545619812871174
        ],
        [
          0.0,
          0.0,
          0.0,
          1.0
        ]
      ]
    },
    {
      "file_path": "./images/0060.jpg",
      "sharpness": 656.9920308854481,
      "transform_matrix": [
        [
          -0.854747875247178,
          0.0383415115846678,
          -0.5176253454447821,
          -2.270792441718306
        ],
        [
          -0.5189501141663814,
          -0.044220085506257154,
          0.853659980931821,
          3.0984251343965674
        ],
        [
          0.009841177012490578,
          0.9982857869990036,
          0.05769435594389684,
          -0.025344916960480666
        ],
        [
          0.0,
          0.0,
          0.0,
          1.0
        ]
      ]
    },
    {
      "file_path": "./images/0061.jpg",
      "sharpness": 627.2184545405676,
      "transform_matrix": [
        [
          -0.818849312203315,
          0.04997176508272259,
          -0.5718291935496718,
          -2.41994455043763
        ],
        [
          -0.5738133116338938,
          -0.045282806715540386,
          0.8177333005373482,
          2.9985425573255347
        ],
        [
          0.014969545548958638,
          0.9977235539504307,
          0.06575425914396393,
          0.020955860474440455
        ],
        [
          0.0,
          0.0,
          0.0,
          1.0
        ]
      ]
    },
    {
      "file_path": "./images/0062.jpg",
      "sharpness": 665.5132402240155,
      "transform_matrix": [
        [
          -0.7949900035483809,
          0.06287417527973214,
          -0.6033553947202526,
          -2.5131508798430837
        ],
        [
          -0.6062012361187956,
          -0.04527863872397935,
          0.7940213512263674,
          2.9166707803281837
        ],
        [
          0.02260432667315411,
          0.996993822927301,
          0.07411046793436567,
          0.06642138129495057
        ],
        [
          0.0,
          0.0,
          0.0,
          1.0
        ]
      ]
    },
    {
      "file_path": "./images/0063.jpg",
      "sharpness": 713.7406048291225,
