{
  "camera_angle_x": 0.9186988473080977,
  "camera_angle_y": 0.5592544228659687,
  "fl_x": 1940.810310964542,
  "fl_y": 1880.5452875170447,
  "k1": 0.11252712068152625,
  "k2": -0.2309448118298785,
  "p1": -0.004507194529794257,
  "p2": 0.001873429835347744,
  "cx": 960.2673332013171,
  "cy": 531.8507671485431,
  "w": 1920.0,
  "h": 1080.0,
  "aabb_scale": 16,
  "frames": [
    {
      "file_path": "./..\\images/0003.jpg",
      "sharpness": 64.69337140795662,
      "transform_matrix": [
        [
          0.349331923767261,
          -0.07075089322600175,
          0.9343240969560271,
          4.569577389436069
        ],
        [
          0.9324456746028394,
          0.1244334455425998,
          -0.33920698923374315,
          -0.28331580880221796
        ],
        [
          -0.09226196916092647,
          0.9897022929881755,
          0.10943993927525776,
          0.008005376198372782
        ],
        [
          0.0,
          0.0,
          0.0,
          1.0
        ]
      ]
    },
    {
      "file_path": "./..\\images/0007.jpg",
      "sharpness": 95.56542052272293,
      "transform_matrix": [
        [
          0.31067988275644337,
          0.0007606017567585167,
          0.9505142986527442,
          4.469702185271119
        ],
        [
          0.9422795539247258,
          0.13110227111333161,
          -0.3080932273915062,
          -0.17283603849319704
        ],
        [
          -0.12484891952906971,
          0.9913685570976289,
          0.04001413873452053,
          -0.041890241447270264
        ],
        [
          0.0,
          0.0,
          0.0,
          1.0
        ]
      ]
    },
    {
      "file_path": "./..\\images/0009.jpg",
      "sharpness": 54.06812254553249,
      "transform_matrix": [
        [
          0.2664936114295974,
          0.01563118648966565,
          0.963709925799275,
          4.444754329375404
        ],
        [
          0.9517717804204971,
          0.15344056463171693,
          -0.2656811455878368,
          -0.11688421113222411
        ],
        [
          -0.15202510668930228,
          0.9880342398633365,
          0.026013608013148903,
          -0.07145344615398562
        ],
        [
          0.0,
          0.0,
          0.0,
          1.0
        ]
      ]
    },
    {
      "file_path": "./..\\images/0002.jpg",
      "sharpness": 95.31813126760981,
      "transform_matrix": [
        [
          0.350631727617484,
          -0.0984371069206306,
          0.9313256828719922,
          4.614792534415006
        ],
        [
          0.9326118131973058,
          0.12738209035933765,
          -0.3376522011488849,
          -0.31064503894878254
        ],
        [
          -0.08539670646309293,
          0.9869569084031476,
          0.1364678111813674,
          0.021067072546747972
        ],
        [
          0.0,
          0.0,
          0.0,
          1.0
        ]
      ]
    },
    {
      "file_path": "./..\\images/0011.jpg",
      "sharpness": 86.22013210852957,
      "transform_matrix": [
        [
          0.18589033672507208,
          0.020915450491828844,
          0.9823478643794524,
          4.435905143117518
        ],
        [
          0.963601859127956,
          0.19161936632707646,
          -0.18642284069749718,
          -0.04084123570657498
        ],
        [
          -0.19213599298030215,
          0.98124643305692,
          0.015466021551160156,
          -0.10930740562401683
        ],
        [
          0.0,
          0.0,
          0.0,
          1.0
        ]
      ]
    },
    {
      "file_path": "./..\\images/0008.jpg",
      "sharpness": 115.38872636957068,
      "transform_matrix": [
        [
          0.29689150900705324,
          0.009239529202689384,
          0.9548665157955513,
          4.446413347438858
        ],
        [
          0.9447513427646934,
          0.1426364859798413,
          -0.2951266392784624,
          -0.141987892496047
        ],
        [
          -0.13892563559499696,
          0.9897320162424544,
          0.03361850394126406,
          -0.05936526901159712
        ],
        [
          0.0,
          0.0,
          0.0,
          1.0
        ]
      ]
    },
    {
      "file_path": "./..\\images/0006.jpg",
      "sharpness": 100.47458136560671,
      "transform_matrix": [
        [
          0.3237398362116873,
          -0.014884399621330644,
          0.9460290551063694,
          4.495987744487215
        ],
        [
          0.9403479663762254,
          0.11558695271442594,
          -0.31997712182976223,
          -0.20179746826475198
        ],
        [
          -0.10458594830805562,
          0.9931858391147512,
          0.05141661605462561,
          -0.03044482048665989
        ],
        [
          0.0,
          0.0,
          0.0,
          1.0
        ]
      ]
    },
    {
      "file_path": "./..\\images/0004.jpg",
      "sharpness": 69.43504677405586,
      "transform_matrix": [
        [
          0.3413968873787577,
          -0.0522668664593587,
          0.9384648847807376,
          4.556754696341393
        ],
        [
          0.937015933251112,
          0.09734221725983476,
          -0.3354484067224865,
          -0.2578853518470592
        ],
        [
          -0.07381941562688356,
          0.9938775917674407,
          0.08220721663658162,
          -0.009542061158874496
        ],
        [
          0.0,
          0.0,
          0.0,
          1.0
        ]
      ]
    },
    {
      "file_path": "./..\\images/0005.jpg",
      "sharpness": 100.79535156139276,
      "transform_matrix": [
        [
          0.3344410863515175,
          -0.029683423076504508,
          0.9419490719579195,
          4.523106825803358
        ],
        [
          0.9377735997293316,
          0.10957539427220055,
          -0.3295055517300901,
          -0.22736364978544446
        ],
        [
          -0.09343358824606116,
          0.993535166651149,
          0.06448284440853293,
          -0.02087067430355549
        ],
        [
          0.0,
          0.0,
          0.0,
          1.0
        ]
      ]
    },
    {
      "file_path": "./..\\images/0013.jpg",
      "sharpness": 155.7009408441048,
      "transform_matrix": [
        [
          0.13647619500051206,
          0.012410706298670061,
          0.9905656074058186,
          4.421755562448047
        ],
        [
          0.9715317831670635,
          0.19378670076610763,
          -0.1362817262239558,
          0.05807325099478882
        ],
        [
          -0.19364979342959032,
          0.9809651823500873,
          0.014389875941551531,
          -0.1432747214912114
        ],
        [
          0.0,
          0.0,
          0.0,
          1.0
        ]
      ]
    },
    {
      "file_path": "./..\\images/0015.jpg",
      "sharpness": 154.25138886477524,
      "transform_matrix": [
        [
          0.10567079078783354,
          0.002063395520505908,
          0.9943990277454559,
          4.432243835958061
        ],
        [
          0.9782696663490136,
          0.17917591071949993,
          -0.10432858150763828,
          0.1406128811313906
        ],
        [
          -0.17838762254262097,
          0.9838148888000156,
          0.016915102928468435,
          -0.16334085578488847
        ],
        [
          0.0,
          0.0,
          0.0,
          1.0
        ]
      ]
    },
    {
      "file_path": "./..\\images/0001.jpg",
      "sharpness": 79.02221112155779,
      "transform_matrix": [
        [
          0.3542041536029147,
          -0.10500326828169827,
          0.9292543953237523,
          4.640547272042938
        ],
        [
          0.9320546097415281,
          0.12065607331255838,
          -0.3416376976162472,
          -0.32936641825842805
        ],
        [
          -0.07624711163025928,
          0.9871253343070909,
          0.14060566256460924,
          0.03597799002013581
        ],
        [
          0.0,
          0.0,
          0.0,
          1.0
        ]
      ]
    },
    {
      "file_path": "./..\\images/0014.jpg",
      "sharpness": 155.65581448990778,
      "transform_matrix": [
        [
          0.12161263242528422,
          0.007077433894655291,
          0.9925524054537209,
          4.423041080333266
        ],
        [
          0.9749539706939153,
          0.18674853212913328,
          -0.12078799930435988,
          0.10066428034403505
        ],
        [
          -0.186212573860067,
          0.9823822553796889,
          0.015810808315863765,
          -0.1545068335004741
        ],
        [
          0.0,
          0.0,
          0.0,
          1.0
        ]
      ]
    },
    {
      "file_path": "./..\\images/0012.jpg",
      "sharpness": 147.77158786011003,
      "transform_matrix": [
        [
          0.1558128440334485,
          0.017818268703507792,
          0.9876258739738069,
          4.427716051114281
        ],
        [
          0.9674049329333174,
          0.19930749437558118,
          -0.15621849577492233,
          0.011616124599245905
        ],
        [
          -0.19962478145638834,
          0.9797749904921577,
          0.013817186495735061,
          -0.12804147568806135
        ],
        [
          0.0,
          0.0,
          0.0,
          1.0
        ]
      ]
    },
    {
      "file_path": "./..\\images/0010.jpg",
      "sharpness": 62.33520969212954,
      "transform_matrix": [
        [
          0.22875605654819864,
          0.019677977775345766,
          0.9732848728872232,
          4.4405509384330015
        ],
        [
          0.9577581619849032,
          0.1744307146669958,
          -0.22863339417554387,
          -0.08307005914275371
        ],
        [
          -0.17426981880158277,
          0.9844728045910043,
          0.02105533860241106,
          -0.09112497605905738
        ],
        [
          0.0,
          0.0,
          0.0,
          1.0
        ]
      ]
    },
    {
      "file_path": "./..\\images/0016.jpg",
      "sharpness": 124.97767119976176,
      "transform_matrix": [
        [
          0.07655364399181237,
          -0.00534647261015589,
          0.9970511294964325,
          4.439660812347294
        ],
        [
          0.9813580785511896,
          0.17720378910702217,
          -0.07439851334939206,
          0.17708319211058093
        ],
        [
          -0.17628346846634527,
          0.9841596579643815,
          0.01881239987302833,
          -0.1717711633018569
        ],
        [
          0.0,
          0.0,
          0.0,
          1.0
        ]
      ]
    },
    {
      "file_path": "./..\\images/0017.jpg",
      "sharpness": 165.03950166492646,
      "transform_matrix": [
        [
          0.057595155078140794,
          -0.01298571506038483,
          0.9982555631319083,
          4.442673483892297
        ],
        [
          0.9821438740901468,
          0.18011794260351865,
          -0.0543225306814913,
          0.21189244982872135
        ],
        [
          -0.1790983213190474,
          0.9835593006852513,
          0.023127761333842412,
          -0.17690168793143024
        ],
        [
          0.0,
          0.0,
          0.0,
          1.0
        ]
      ]
    },
    {
      "file_path": "./..\\images/0018.jpg",
      "sharpness": 140.6980308696443,
      "transform_matrix": [
        [
          0.03677321045505251,
          -0.01635143335148566,
          0.9991898526446755,
          4.451428292915311
        ],
        [
          0.9826401846480259,
          0.18253095504391506,
          -0.033177069879937085,
          0.2376932726396648
        ],
        [
          -0.18184058542648204,
          0.9830641286741745,
          0.022779824712155367,
          -0.18246524860476418
        ],
        [
          0.0,
          0.0,
          0.0,
          1.0
        ]
      ]
    },
    {
      "file_path": "./..\\images/0019.jpg",
      "sharpness": 146.3889721977745,
      "transform_matrix": [
        [
          0.012189698018802788,
          -0.019807071282951758,
          0.999729509015969,
          4.459312134589347
        ],
        [
          0.9818378043945082,
          0.18954424210502824,
          -0.008216212434599007,
          0.2593993216505293
        ],
        [
          -0.1893302329910959,
          0.9816723792690748,
          0.021757818452401982,
          -0.18147807023598447
        ],
        [
          0.0,
          0.0,
          0.0,
          1.0
        ]
      ]
    },
    {
      "file_path": "./..\\images/0024.jpg",
      "sharpness": 84.52254532522612,
      "transform_matrix": [
        [
          -0.03598709601454977,
          -0.0014989721154453047,
          0.9993511304896515,
          4.488394479521214
        ],
        [
          0.9748498081578175,
          0.22002778220853864,
          0.035434821732675106,
          0.2460896709925689
        ],
        [
          -0.21993812869892704,
          0.9754924541720872,
          -0.006456888245031362,
          -0.16691286869094854
        ],
        [
          0.0,
          0.0,
          0.0,
          1.0
        ]
      ]
    },
    {
      "file_path": "./..\\images/0020.jpg",
      "sharpness": 179.2924150729534,
      "transform_matrix": [
        [
          0.00534269606688175,
          -0.02068096243651355,
          0.9997718506736145,
          4.462955264764689
        ],
        [
          0.9802739998594896,
          0.1976399814757603,
          -0.001150183423082,
          0.2700912729853862
        ],
        [
          -0.19757110314695198,
          0.9800564960871991,
          0.021328940120274097,
          -0.18586914867402077
        ],
        [
          0.0,
          0.0,
          0.0,
          1.0
        ]
      ]
    },
    {
      "file_path": "./..\\images/0023.jpg",
      "sharpness": 71.7100229229627,
      "transform_matrix": [
        [
          -0.008302286537321773,
          -0.006278264498002743,
          0.9999458262531292,
          4.488139653721378
        ],
        [
          0.9789382386784269,
          0.20393971735037095,
          0.009408322932281457,
          0.26219914502821146
        ],
        [
          -0.2039877371115978,
          0.9789633165189021,
          0.004452867219848904,
          -0.175373490383418
        ],
        [
          0.0,
          0.0,
          0.0,
          1.0
        ]
      ]
    },
    {
      "file_path": "./..\\images/0029.jpg",
      "sharpness": 162.6900920985657,
      "transform_matrix": [
        [
          -0.07374617432258913,
          0.009225849382132653,
          0.9972343683828132,
          4.47119999862177
        ],
        [
          0.9746926933105977,
          0.2122686566702695,
          0.07011541201833317,
          0.0664636281897438
        ],
        [
          -0.21103472553139715,
          0.9771677957783412,
          -0.02464636934037633,
          -0.1096627767561473
        ],
        [
          0.0,
          0.0,
          0.0,
          1.0
        ]
      ]
    },
    {
      "file_path": "./..\\images/0022.jpg",
      "sharpness": 147.0042664893045,
      "transform_matrix": [
        [
          0.003861796319861564,
          -0.01430972174522205,
          0.9998901531671699,
          4.478042025263419
        ],
        [
          0.9834260064881029,
          0.18130593312204585,
          -0.0012034856769140615,
          0.26632372032085094
        ],
        [
          -0.18126879569435808,
          0.9833226278725253,
          0.014772719095159459,
          -0.18999535301514148
        ],
        [
          0.0,
          0.0,
          0.0,
          1.0
        ]
      ]
    },
    {
      "file_path": "./..\\images/0028.jpg",
      "sharpness": 156.6229976800911,
      "transform_matrix": [
        [
          -0.0795586152552941,
          0.005684805887533685,
          0.9968139795009846,
          4.478393638682059
        ],
        [
          0.9731172630614554,
          0.2172590828429241,
          0.07642828831134367,
          0.11058827561695646
        ],
        [
          -0.21613241096802285,
          0.9760974202977788,
          -0.022816814528930748,
          -0.12495199520150027
        ],
        [
          0.0,
          0.0,
          0.0,
          1.0
        ]
      ]
    },
    {
      "file_path": "./..\\images/0021.jpg",
      "sharpness": 181.9870900039196,
      "transform_matrix": [
        [
          0.007196920204755859,
          -0.020992695780721257,
          0.9997537252100301,
          4.473526143716574
        ],
        [
          0.9825342314288289,
          0.18605498977536042,
          -0.003166204418369659,
          0.2672652283732187
        ],
        [
          -0.1859427019556963,
          0.9823150449378966,
          0.0219650651296401,
          -0.18838454799019758
        ],
        [
          0.0,
          0.0,
          0.0,
          1.0
        ]
      ]
    },
    {
      "file_path": "./..\\images/0027.jpg",
      "sharpness": 132.8889732735951,
      "transform_matrix": [
        [
          -0.07728837411264622,
          0.002955599793869988,
          0.9970043990197787,
          4.477964249848447
        ],
        [
          0.9735288095285776,
          0.2159684764252935,
          0.0748282981804098,
          0.15166861562657938
        ],
        [
          -0.21510035854293932,
          0.9763958631764604,
          -0.019569213951265492,
          -0.14052538297687125
        ],
        [
          0.0,
          0.0,
          0.0,
          1.0
        ]
      ]
    },
    {
      "file_path": "./..\\images/0030.jpg",
      "sharpness": 198.6611791074881,
      "transform_matrix": [
        [
          -0.037273383135478476,
          0.011687969237619047,
          0.9992367518724701,
          4.463222605332692
        ],
        [
          0.9765771767754968,
          0.21247329244556287,
          0.03394286079149319,
          0.012467383464978266
        ],
        [
          -0.21191439949018595,
          0.9770969713289301,
          -0.01933380243569289,
          -0.09430174883836683
        ],
        [
          0.0,
          0.0,
          0.0,
          1.0
        ]
      ]
    },
    {
      "file_path": "./..\\images/0025.jpg",
      "sharpness": 123.18904513855307,
      "transform_matrix": [
        [
          -0.057351060662067986,
          0.0008917149153410673,
          0.9983536751539273,
          4.482927707109188
        ],
        [
          0.9743901261251854,
          0.217835914880742,
          0.05577989152000359,
          0.2217552914254434
        ],
        [
          -0.21742754644046242,
          0.975984999393065,
          -0.013361998977529417,
          -0.16008856029074703
        ],
        [
          0.0,
          0.0,
          0.0,
          1.0
        ]
      ]
    },
    {
      "file_path": "./..\\images/0034.jpg",
      "sharpness": 117.68921536556553,
      "transform_matrix": [
        [
          0.06612425536045277,
          -0.005161493761446152,
          0.9977980466222031,
          4.420591253258231
        ],
        [
          0.9734656898846027,
          0.2198823462843331,
          -0.06337431980036656,
          -0.2390317266028215
        ],
        [
          -0.2190710694529289,
          0.9755127435263663,
          0.019564093500281977,
          -0.04200634986824814
        ],
        [
          0.0,
          0.0,
          0.0,
          1.0
        ]
      ]
    },
    {
      "file_path": "./..\\images/0026.jpg",
      "sharpness": 114.79972415110065,
      "transform_matrix": [
        [
          -0.07042217874836566,
          0.0006406647718534676,
          0.9975170706794403,
          4.483764458715713
        ],
        [
          0.9739591490806677,
          0.21608987800333454,
          0.06862026338286542,
          0.18969584689041613
        ],
        [
          -0.2155093795239792,
          0.9763732658060961,
          -0.01584150133050371,
          -0.14626177197843945
        ],
        [
          0.0,
          0.0,
          0.0,
          1.0
        ]
      ]
    },
    {
      "file_path": "./..\\images/0031.jpg",
      "sharpness": 210.61673466317956,
      "transform_matrix": [
        [
          -0.004215426775535836,
          0.011884125464329157,
          0.9999204957130122,
          4.454444987219917
        ],
        [
          0.9775389609632155,
          0.21074858799504567,
          0.0016163097537185015,
          -0.044056083432693974
        ],
        [
          -0.21071262415092104,
          0.9774680558605349,
          -0.012505590899097536,
          -0.07939982900834121
        ],
        [
          0.0,
          0.0,
          0.0,
          1.0
        ]
      ]
    },
    {
      "file_path": "./..\\images/0033.jpg",
      "sharpness": 146.03796388837455,
      "transform_matrix": [
        [
          0.04052602816892739,
          0.0007758353293415828,
          0.9991781818716324,
          4.445504065392562
        ],
        [
          0.973083906783731,
          0.2270155698741232,
          -0.03964393261781796,
          -0.17821259538942455
        ],
        [
          -0.22685976152689788,
          0.9738908199187103,
          0.00844508650620726,
          -0.05025363383364697
        ],
        [
          0.0,
          0.0,
          0.0,
          1.0
        ]
      ]
    },
    {
      "file_path": "./..\\images/0032.jpg",
      "sharpness": 185.14625963666614,
      "transform_matrix": [
        [
          0.0162276288750842,
          0.008741753198044246,
          0.999830108478448,
          4.451778560320234
        ],
        [
          0.9725382022726264,
          0.23206059476144922,
          -0.01781363184358251,
          -0.10741440884083622
        ],
        [
          -0.2321768920070504,
          0.9726620492841499,
          -0.004735895731616821,
          -0.05438045096519263
        ],
        [
          0.0,
          0.0,
          0.0,
          1.0
        ]
      ]
    },
    {
      "file_path": "./..\\images/0035.jpg",
      "sharpness": 186.15388499585265,
      "transform_matrix": [
        [
          0.08003498108836377,
          -0.007833066702532383,
          0.9967612777772454,
          4.4117647913077045
        ],
        [
          0.9706699314296211,
          0.22803810290258297,
          -0.07614793393896968,
          -0.3011473020978062
        ],
        [
          -0.2267030789852736,
          0.9736206996044636,
          0.025854347572265342,
          -0.01777867661756015
        ],
        [
          0.0,
          0.0,
          0.0,
          1.0
        ]
      ]
    },
    {
      "file_path": "./..\\images/0036.jpg",
      "sharpness": 145.13269282620269,
      "transform_matrix": [
        [
          0.0835789767392429,
          -0.008612400175414626,
          0.9964639387445727,
          4.404586118971848
        ],
        [
          0.9674684302064643,
          0.24031809582051702,
          -0.07906990182875157,
          -0.3579956209600586
        ],
        [
          -0.2387873346765281,
          0.9706559840602818,
          0.02841776581862039,
          -0.008504410873649981
        ],
        [
          0.0,
          0.0,
          0.0,
          1.0
        ]
      ]
    },
    {
      "file_path": "./..\\images/0043.jpg",
      "sharpness": 195.81682721089015,
      "transform_matrix": [
        [
          0.19139646366966087,
          -0.02232513568394802,
          0.9812588761480578,
          4.092851926932884
        ],
        [
          0.9689607383107635,
          0.16367245753625484,
          -0.18527388984007204,
          -0.6828203444466258
        ],
        [
          -0.1564687870090437,
          0.9862620924321243,
          0.05295850952776815,
          -0.08287460372240998
        ],
        [
          0.0,
          0.0,
          0.0,
          1.0
        ]
      ]
    },
    {
      "file_path": "./..\\images/0042.jpg",
      "sharpness": 188.80221494070094,
      "transform_matrix": [
        [
          0.18074008118269178,
          -0.020565768716551656,
          0.983315855775284,
          4.1568593634061894
        ],
        [
          0.9708302033562083,
          0.16388277958299377,
          -0.1750175728538812,
          -0.6502527915669808
        ],
        [
          -0.15754916472783867,
          0.9862654225517111,
          0.049586056311542046,
          -0.07327013289728324
        ],
        [
          0.0,
          0.0,
          0.0,
          1.0
        ]
      ]
    },
    {
      "file_path": "./..\\images/0044.jpg",
      "sharpness": 116.00606850242852,
      "transform_matrix": [
        [
          0.24641558256954307,
          0.011131058849460375,
          0.9691003354677525,
          4.009265321270562
        ],
        [
          0.9613616383039009,
          0.12382131325834211,
          -0.2458700526310337,
          -0.7276462792651186
        ],
        [
          -0.12273207024187298,
          0.992242098441619,
          0.019810528069505878,
          -0.13724612155785038
        ],
        [
          0.0,
          0.0,
          0.0,
          1.0
        ]
      ]
    },
    {
      "file_path": "./..\\images/0039.jpg",
      "sharpness": 209.33201893905732,
      "transform_matrix": [
        [
          0.13854404710794807,
          -0.011734652001877498,
          0.9902867488567406,
          4.303095093559962
        ],
        [
          0.9675889465501119,
          0.21477790936783644,
          -0.13282349250713937,
          -0.5182432569911247
        ],
        [
          -0.2111330801318772,
          0.9765924163117805,
          0.04111052036183291,
          -0.005826766929471195
        ],
        [
          0.0,
          0.0,
          0.0,
          1.0
        ]
      ]
    },
    {
      "file_path": "./..\\images/0041.jpg",
      "sharpness": 201.3112369391126,
      "transform_matrix": [
        [
          0.16598061505586933,
          -0.023018463972796607,
          0.9858603277087057,
          4.213311817319516
        ],
        [
          0.9691864528502885,
          0.18832883129001818,
          -0.1587761660847724,
          -0.6071422587527159
        ],
        [
          -0.18201113987381373,
          0.9818362397207872,
          0.05356811869812716,
          -0.029445224285493215
        ],
        [
          0.0,
          0.0,
          0.0,
          1.0
        ]
      ]
    },
    {
      "file_path": "./..\\images/0046.jpg",
      "sharpness": 160.2390658756691,
      "transform_matrix": [
        [
          0.283784780903024,
          0.02166037671589173,
          0.9586433258601743,
          3.894167162280331
        ],
        [
          0.9548073030880795,
          0.08575190357790496,
          -0.2845867618189616,
          -0.8132717153921553
        ],
        [
          -0.08836974651411826,
          0.9960810404386351,
          0.00365359929290056,
          -0.14945713704517388
        ],
        [
          0.0,
          0.0,
          0.0,
          1.0
        ]
      ]
    },
    {
      "file_path": "./..\\images/0038.jpg",
      "sharpness": 134.8423871184843,
      "transform_matrix": [
        [
          0.11882020013050575,
          -0.008843051223312129,
          0.9928764074616317,
          4.334248252991246
        ],
        [
          0.9685085333666974,
          0.22138350559327463,
          -0.11393227921572276,
          -0.46626331713861996
        ],
        [
          -0.21879895072361924,
          0.9751467294227976,
          0.0348694030109624,
          -0.011611045284864539
        ],
        [
          0.0,
          0.0,
          0.0,
          1.0
        ]
      ]
    },
    {
      "file_path": "./..\\images/0037.jpg",
      "sharpness": 194.93560472155534,
      "transform_matrix": [
        [
          0.09291725825700953,
          -0.01041654405960998,
          0.9956193442956812,
          4.372165728081121
        ],
        [
          0.9660814651979494,
          0.24291870346224023,
          -0.08761909671627416,
          -0.41473464223815215
        ],
        [
          -0.2409418720768244,
          0.9699907211544252,
          0.03263457005246588,
          -0.0008728421005100756
        ],
        [
          0.0,
          0.0,
          0.0,
          1.0
        ]
      ]
    },
    {
      "file_path": "./..\\images/0045.jpg",
      "sharpness": 165.2416251921189,
      "transform_matrix": [
        [
          0.260820966587705,
          0.008238622734747443,
          0.9653520334528736,
          3.955023939562866
        ],
        [
          0.9587320014091125,
          0.11500330217001459,
          -0.2600138264866653,
          -0.7643258019005765
        ],
        [
          -0.1131608274258606,
          0.9933309446470499,
          0.022096641169422056,
          -0.11048484496603324
        ],
        [
          0.0,
          0.0,
          0.0,
          1.0
        ]
      ]
    },
    {
      "file_path": "./..\\images/0040.jpg",
      "sharpness": 174.37215213646462,
      "transform_matrix": [
        [
          0.14916899028651687,
          -0.018373239428478443,
          0.9886410048231425,
          4.264634758735943
        ],
        [
          0.9686181108605927,
          0.20374539413100495,
          -0.1423614051750904,
          -0.5664702524515555
        ],
        [
          -0.19881541099910735,
          0.9788514894768484,
          0.04818914718365253,
          -0.010681750891184144
        ],
        [
          0.0,
          0.0,
          0.0,
          1.0
        ]
      ]
    },
    {
      "file_path": "./..\\images/0051.jpg",
      "sharpness": 184.69424334380017,
      "transform_matrix": [
        [
          0.3734417442362117,
          0.008636458194180643,
          0.9276134298615908,
          3.6433224330158103
        ],
        [
          0.9266959838117313,
          0.04195179590405903,
          -0.37346298398609706,
          -1.1572274695708171
        ],
        [
          -0.04214044673568753,
          0.9990823081299895,
          0.007663180713348229,
          -0.20675227652253178
        ],
        [
          0.0,
          0.0,
          0.0,
          1.0
        ]
      ]
    },
    {
      "file_path": "./..\\images/0047.jpg",
      "sharpness": 186.00466675256587,
      "transform_matrix": [
        [
          0.30396284412841157,
          0.018888489206463233,
          0.9524966217119999,
          3.8444545307823317
        ],
        [
          0.9508962308106017,
          0.05520477216887435,
          -0.3045468623383633,
          -0.8677296939475727
        ],
        [
          -0.05833478911537388,
          0.9982963778925249,
          -0.0011807936342206403,
          -0.15346073820650827
        ],
        [
          0.0,
          0.0,
          0.0,
          1.0
        ]
      ]
    },
    {
      "file_path": "./..\\images/0048.jpg",
      "sharpness": 144.2728062030285,
      "transform_matrix": [
        [
          0.32288230001693663,
          0.017674867774218516,
          0.9462740720282072,
          3.797789666851432
        ],
        [
          0.9448292757556951,
          0.05227131772709318,
          -0.3233656583779579,
          -0.9310300004678478
        ],
        [
          -0.05517843793045023,
          0.9984764936643696,
          0.00017775077444738156,
          -0.15615100393970313
        ],
        [
          0.0,
          0.0,
          0.0,
          1.0
        ]
      ]
    },
    {
      "file_path": "./..\\images/0049.jpg",
      "sharpness": 157.44720051952518,
      "transform_matrix": [
        [
          0.3385714733797788,
          0.040581147288687384,
          0.9400651721588709,
          3.7515200122450425
        ],
        [
          0.9378839710930846,
          0.06590976618374014,
          -0.340631119377603,
          -1.004721730238232
        ],
        [
          -0.07578267732104164,
          0.9970000367173445,
          -0.01574524092368187,
          -0.20057898862268136
        ],
        [
          0.0,
          0.0,
          0.0,
          1.0
        ]
      ]
    },
    {
      "file_path": "./..\\images/0050.jpg",
      "sharpness": 76.68343605037526,
      "transform_matrix": [
        [
          0.3345889903573105,
          0.00771517940696557,
          0.9423325758702721,
          3.7212420777695714
        ],
        [
          0.9401286934691278,
          0.06610346914674996,
          -0.3343476799425468,
          -1.037107711282299
        ],
        [
          -0.06487100469007742,
          0.9977829460266024,
          0.014864231465176245,
          -0.17239919515066285
        ],
        [
          0.0,
          0.0,
          0.0,
          1.0
        ]
      ]
    },
    {
      "file_path": "./..\\images/0052.jpg",
      "sharpness": 130.1890011141719,
      "transform_matrix": [
        [
          0.3828148108603118,
          0.020328227285221753,
          0.9236014204024009,
          3.595801349454113
        ],
        [
          0.9226783440675228,
          0.0413853309724312,
          -0.3833430940675526,
          -1.2219913027162947
        ],
        [
          -0.04601623601438631,
          0.9989364432053759,
          -0.002913497440753988,
          -0.2136866913256757
        ],
        [
          0.0,
          0.0,
          0.0,
          1.0
        ]
      ]
    },
    {
      "file_path": "./..\\images/0053.jpg",
      "sharpness": 210.04049571436235,
      "transform_matrix": [
        [
          0.39843522838117756,
          0.03242644640593068,
          0.9166230928610899,
          3.5309671394508158
        ],
        [
          0.915558453712073,
          0.04563938521341417,
          -0.39958699222305444,
          -1.2915059962591475
        ],
        [
          -0.054791300618426325,
          0.998431556041218,
          -0.011503968260108105,
          -0.22345667177930742
        ],
        [
          0.0,
          0.0,
          0.0,
          1.0
        ]
      ]
    },
    {
      "file_path": "./..\\images/0055.jpg",
      "sharpness": 125.18774495168842,
      "transform_matrix": [
        [
          0.42731060680489,
          0.060272915937088875,
          0.9020935765896935,
          3.417531129099902
        ],
        [
          0.901798043048722,
          0.04281685199524561,
          -0.4300314020381314,
          -1.4016743700234495
        ],
        [
          -0.06454405370005548,
          0.9972632013654795,
          -0.03605790263334337,
          -0.2428296373313072
        ],
        [
          0.0,
          0.0,
          0.0,
          1.0
        ]
      ]
    },
    {
      "file_path": "./..\\images/0056.jpg",
      "sharpness": 123.94996320581606,
      "transform_matrix": [
        [
          0.4299665711289351,
          0.06601945863049127,
          0.9004277754499089,
          3.3533589912522546
        ],
        [
          0.8990352642242856,
          0.0602131525042875,
          -0.4337164626191081,
          -1.4608447421605177
        ],
        [
          -0.08285132102350692,
          0.9959999032910035,
          -0.03346417871467588,
          -0.25857178014633075
        ],
        [
          0.0,
          0.0,
          0.0,
          1.0
        ]
      ]
    },
    {
      "file_path": "./..\\images/0057.jpg",
      "sharpness": 129.21481116727333,
      "transform_matrix": [
        [
          0.4365494339431984,
          0.07485132610162913,
          0.8965611360708253,
          3.277840691053584
        ],
        [
          0.8947668635659184,
          0.06788489760510816,
          -0.4413432910351319,
          -1.5216895652215838
        ],
        [
          -0.09389809151892434,
          0.994881359593204,
          -0.03733937266690255,
          -0.2958883324448237
        ],
        [
          0.0,
          0.0,
          0.0,
          1.0
        ]
      ]
    },
    {
      "file_path": "./..\\images/0054.jpg",
      "sharpness": 175.0369193594102,
      "transform_matrix": [
        [
          0.42418438886491183,
          0.04627941904136374,
          0.90439251413554,
          3.466075723976348
        ],
        [
          0.9038844785350821,
          0.03937244676992554,
          -0.425960866628474,
          -1.3521628766140437
        ],
        [
          -0.055321367563842296,
          0.9981523059216018,
          -0.025130071275892455,
          -0.2229403290496808
        ],
        [
          0.0,
          0.0,
          0.0,
          1.0
        ]
      ]
    },
    {
      "file_path": "./..\\images/0058.jpg",
      "sharpness": 104.27126284355695,
      "transform_matrix": [
        [
          0.43430927520747337,
          0.07214173068661706,
          0.8978702713478195,
          3.2174452467906196
        ],
        [
          0.8949019078395657,
          0.07897623989451293,
          -0.43921899876644444,
          -1.557151531460374
        ],
        [
          -0.10259643666557124,
          0.9942627038331988,
          -0.030259658919104364,
          -0.2981204116893548
        ],
        [
          0.0,
          0.0,
          0.0,
          1.0
        ]
      ]
    },
    {
      "file_path": "./..\\images/0060.jpg",
      "sharpness": 105.0434138015305,
      "transform_matrix": [
        [
          0.4241154825533339,
          0.09096943099817321,
          0.9010275357003966,
          3.077389502398044
        ],
        [
          0.8976063657433578,
          0.08974302728615836,
          -0.43156575539619135,
          -1.6345092278427886
        ],
        [
          -0.12012022992862909,
          0.9918017703580763,
          -0.04359333302874534,
          -0.32757461300186813
        ],
        [
          0.0,
          0.0,
          0.0,
          1.0
        ]
      ]
    },
    {
      "file_path": "./..\\images/0059.jpg",
      "sharpness": 110.90130198325099,
      "transform_matrix": [
        [
          0.4409735954789178,
          0.08052952785083001,
          0.8939000409679072,
          3.1245803153673255
        ],
        [
          0.89101035164395,
          0.08045832132645217,
          -0.4467963873990276,
          -1.6216154683278987
        ],
        [
          -0.10790199885262489,
          0.9934995992356969,
          -0.03627264768656563,
          -0.3224932269021717
        ],
        [
          0.0,
          0.0,
          0.0,
          1.0
        ]
      ]
    },
    {
      "file_path": "./..\\images/0061.jpg",
      "sharpness": 149.4241722703137,
      "transform_matrix": [
        [
          0.4384386253991513,
          0.10046461977767233,
          0.8931284520935039,
          2.982898651673057
        ],
        [
          0.8891929104477,
          0.09612947658532418,
          -0.4473198986644216,
          -1.7279875338962591
        ],
        [
          -0.1307957941615174,
          0.9902858092047887,
          -0.047185552082720614,
          -0.36394255331960684
        ],
        [
          0.0,
          0.0,
          0.0,
          1.0
        ]
      ]
    },
    {
      "file_path": "./..\\images/0065.jpg",
      "sharpness": 108.00533783377021,
      "transform_matrix": [
        [
          0.48908340628461144,
          0.1215509058701732,
          0.8637261134104316,
          2.7649076251559324
        ],
        [
          0.8577099785078283,
          0.11295368066299816,
          -0.5015725857669563,
          -1.9965120953682685
        ],
        [
          -0.15852764575407316,
          0.9861373349157948,
          -0.049011653970469915,
